1987   1   0  1.19209000E+02  1.44675995E+02
1987   2   0  2.83924011E+02  7.06392975E+01
1987   3   0  2.45598007E+02  5.25801010E+01
1987   4   0  2.44421005E+02  4.24090004E+01
1987   5   0  2.13328995E+02  3.60229988E+01
1987   6   0  1.02689003E+02  3.49706001E+01
1987   7   0  1.69029007E+02  4.42588005E+01
1987   8   0  1.13380997E+02  1.87947006E+02
1987   9   0  4.56599998E+01  2.55048004E+02
1987  10   0  2.68283997E+01  1.54888000E+02
1987  11   0  7.28243027E+01  1.44675995E+02
1987  12   0  1.70219002E+01  1.04305000E+02
1988   1   0  7.19203033E+01  6.49007034E+01
1988   2   0  2.12925995E+02  4.92148018E+01
1988   3   0  1.53942001E+02  4.08727989E+01
1988   4   0  9.14786987E+01  3.32871017E+01
1988   5   0  5.22671013E+01  3.36388016E+01
1988   6   0  2.45063000E+01  6.68897018E+01
1988   7   0  5.50518990E+01  2.46016998E+02
1988   8   0  4.48876991E+01  5.46690979E+02
1988   9   0  6.94793015E+01  2.45231995E+02
1988  10   0  5.25242004E+01  1.54431000E+02
1988  11   0  6.61886978E+01  1.44675995E+02
1988  12   0  2.88386993E+01  9.14050980E+01
