        2014           1           0   30.0564575    
        2014           2           0   52.2325096    
        2014           3           0   57.1184006    
        2014           4           0   52.5219955    
        2014           5           0   66.2767944    
        2014           6           0   161.652344    
        2014           7           0   201.677414    
        2014           8           0   146.261917    
        2014           9           0   102.436317    
        2014          10           0   64.3867798    
        2014          11           0   43.3943214    
        2014          12           0   48.7764473    
