        2014           1           0   19.8287086    
        2014           2           0   31.0535717    
        2014           3           0   27.1135426    
        2014           4           0   24.7636662    
        2014           5           0   20.0325794    
        2014           6           0   91.0600128    
        2014           7           0   56.7025681    
        2014           8           0   170.469025    
        2014           9           0   47.9706764    
        2014          10           0   93.7432098    
        2014          11           0   35.1003380    
        2014          12           0   27.1103230    
