        2014           1           0   47.8774376    
        2014           2           0   58.8232079    
        2014           3           0   84.1835480    
        2014           4           0   77.7046432    
        2014           5           0   69.0535507    
        2014           6           0   82.1393204    
        2014           7           0   231.159042    
        2014           8           0   175.287704    
        2014           9           0   105.910355    
        2014          10           0   68.8503189    
        2014          11           0   52.2576675    
        2014          12           0   55.7841835    
