        2014           1           0   46.0206413    
        2014           2           0   79.7810516    
        2014           3           0   80.8867645    
        2014           4           0   71.3866425    
        2014           5           0   91.2509460    
        2014           6           0   256.442719    
        2014           7           0   240.012268    
        2014           8           0   311.717102    
        2014           9           0   139.341690    
        2014          10           0   170.852921    
        2014          11           0   82.4043427    
        2014          12           0   61.0667801    
