        2014           1           0   15.4370985    
        2014           2           0   18.7382107    
        2014           3           0   25.8990326    
        2014           4           0   23.7993393    
        2014           5           0   18.1638718    
        2014           6           0   39.9933357    
        2014           7           0   51.0735397    
        2014           8           0   36.1180611    
        2014           9           0   24.1179981    
        2014          10           0   23.7193546    
        2014          11           0   16.5870018    
        2014          12           0   22.4293594    
