        2014           1           0   12.6712866    
        2014           2           0   16.9599991    
        2014           3           0   21.0151596    
        2014           4           0   17.8796654    
        2014           5           0   12.6577463    
        2014           6           0   14.3719997    
        2014           7           0   84.2441940    
        2014           8           0   58.8354797    
        2014           9           0   32.8410072    
        2014          10           0   20.8629093    
        2014          11           0   13.9743376    
        2014          12           0   18.1219368    
