        2014           1           0   22.1764565    
        2014           2           0   31.4596367    
        2014           3           0   34.4041901    
        2014           4           0   34.0256577    
        2014           5           0   35.1193542    
        2014           6           0   123.721992    
        2014           7           0   113.550644    
        2014           8           0   210.396713    
        2014           9           0   58.5579948    
        2014          10           0   118.655472    
        2014          11           0   30.7163200    
        2014          12           0   24.5545197    
