        2014           1           0   35.0793533    
        2014           2           0   73.1603394    
        2014           3           0   70.9913254    
        2014           4           0   64.9976654    
        2014           5           0   75.5790100    
        2014           6           0   214.639267    
        2014           7           0   329.211365    
        2014           8           0   166.306488    
        2014           9           0   143.967987    
        2014          10           0   70.2996750    
        2014          11           0   55.8313332    
        2014          12           0   65.9145203    
