        2014           1           0  -9999.00000    
        2014           2           0  -9999.00000    
        2014           3           0  -9999.00000    
        2014           4           0  -9999.00000    
        2014           5           0  -9999.00000    
        2014           6           0  -9999.00000    
        2014           7           0  -9999.00000    
        2014           8           0  -9999.00000    
        2014           9           0  -9999.00000    
        2014          10           0  -9999.00000    
        2014          11           0  -9999.00000    
        2014          12           0  -9999.00000    
