2014 1 1 21.59
2014 1 2 21.40
2014 1 3 21.06
2014 1 4 21.01
2014 1 5 20.68
2014 1 6 20.40
2014 1 7 20.12
2014 1 8 20.83
2014 1 9 25.10
2014 1 10 22.22
2014 1 11 20.52
2014 1 12 20.19
2014 1 13 20.05
2014 1 14 19.73
2014 1 15 19.65
2014 1 16 19.30
2014 1 17 19.07
2014 1 18 19.09
2014 1 19 19.04
2014 1 20 18.66
2014 1 21 18.80
2014 1 22 18.55
2014 1 23 17.96
2014 1 24 17.88
2014 1 25 18.16
2014 1 26 18.11
2014 1 27 18.18
2014 1 28 18.48
2014 1 29 18.38
2014 1 30 19.75
2014 1 31 20.73
2014 2 1 19.01
2014 2 2 21.44
2014 2 3 22.52
2014 2 4 19.79
2014 2 5 19.16
2014 2 6 19.23
2014 2 7 22.59
2014 2 8 31.26
2014 2 9 30.37
2014 2 10 27.67
2014 2 11 30.09
2014 2 12 26.21
2014 2 13 24.89
2014 2 14 27.30
2014 2 15 29.73
2014 2 16 32.43
2014 2 17 30.77
2014 2 18 53.83
2014 2 19 44.15
2014 2 20 34.84
2014 2 21 31.49
2014 2 22 29.65
2014 2 23 28.69
2014 2 24 27.84
2014 2 25 27.49
2014 2 26 28.54
2014 2 27 71.67
2014 2 28 56.85
2014 3 1 43.03
2014 3 2 43.70
2014 3 3 37.47
2014 3 4 32.81
2014 3 5 33.03
2014 3 6 31.90
2014 3 7 28.61
2014 3 8 26.93
2014 3 9 25.91
2014 3 10 25.57
2014 3 11 23.98
2014 3 12 23.22
2014 3 13 26.52
2014 3 14 32.01
2014 3 15 27.64
2014 3 16 25.41
2014 3 17 24.14
2014 3 18 24.19
2014 3 19 23.60
2014 3 20 24.93
2014 3 21 24.99
2014 3 22 23.00
2014 3 23 21.94
2014 3 24 21.33
2014 3 25 21.40
2014 3 26 21.81
2014 3 27 22.75
2014 3 28 21.21
2014 3 29 21.41
2014 3 30 27.72
2014 3 31 28.36
2014 4 1 23.95
2014 4 2 22.49
2014 4 3 22.59
2014 4 4 24.60
2014 4 5 22.83
2014 4 6 23.09
2014 4 7 21.59
2014 4 8 20.85
2014 4 9 20.02
2014 4 10 19.93
2014 4 11 19.56
2014 4 12 19.89
2014 4 13 28.19
2014 4 14 61.86
2014 4 15 36.61
2014 4 16 29.81
2014 4 17 26.27
2014 4 18 26.89
2014 4 19 25.65
2014 4 20 25.02
2014 4 21 27.53
2014 4 22 25.08
2014 4 23 23.16
2014 4 24 21.88
2014 4 25 20.94
2014 4 26 20.00
2014 4 27 19.52
2014 4 28 20.44
2014 4 29 22.12
2014 4 30 20.55
2014 5 1 19.40
2014 5 2 18.40
2014 5 3 17.75
2014 5 4 17.03
2014 5 5 17.55
2014 5 6 17.06
2014 5 7 16.00
2014 5 8 15.90
2014 5 9 15.80
2014 5 10 15.31
2014 5 11 14.80
2014 5 12 17.21
2014 5 13 22.45
2014 5 14 20.87
2014 5 15 40.63
2014 5 16 24.58
2014 5 17 19.27
2014 5 18 17.11
2014 5 19 16.95
2014 5 20 22.24
2014 5 21 48.35
2014 5 22 29.27
2014 5 23 23.32
2014 5 24 19.70
2014 5 25 18.23
2014 5 26 18.51
2014 5 27 17.27
2014 5 28 15.37
2014 5 29 15.19
2014 5 30 15.07
2014 5 31 14.42
2014 6 1 13.73
2014 6 2 14.54
2014 6 3 18.00
2014 6 4 410.71
2014 6 5 199.72
2014 6 6 65.54
2014 6 7 44.09
2014 6 8 38.48
2014 6 9 36.23
2014 6 10 31.37
2014 6 11 30.27
2014 6 12 28.65
2014 6 13 24.46
2014 6 14 21.31
2014 6 15 19.81
2014 6 16 18.80
2014 6 17 22.99
2014 6 18 222.87
2014 6 19 104.74
2014 6 20 47.56
2014 6 21 51.29
2014 6 22 621.37
2014 6 23 172.20
2014 6 24 75.96
2014 6 25 49.91
2014 6 26 44.67
2014 6 27 101.68
2014 6 28 102.48
2014 6 29 54.57
2014 6 30 43.80
2014 7 1 37.95
2014 7 2 34.47
2014 7 3 92.61
2014 7 4 90.16
2014 7 5 45.00
2014 7 6 42.57
2014 7 7 204.47
2014 7 8 83.50
2014 7 9 105.29
2014 7 10 213.64
2014 7 11 79.98
2014 7 12 50.83
2014 7 13 54.89
2014 7 14 47.07
2014 7 15 44.07
2014 7 16 39.56
2014 7 17 35.94
2014 7 18 34.19
2014 7 19 39.93
2014 7 20 42.15
2014 7 21 38.58
2014 7 22 36.89
2014 7 23 32.64
2014 7 24 30.85
2014 7 25 29.37
2014 7 26 27.03
2014 7 27 25.91
2014 7 28 25.71
2014 7 29 23.88
2014 7 30 26.96
2014 7 31 41.69
2014 8 1 173.90
2014 8 2 602.99
2014 8 3 595.83
2014 8 4 119.43
2014 8 5 71.46
2014 8 6 53.90
2014 8 7 47.74
2014 8 8 138.22
2014 8 9 1046.02
2014 8 10 654.45
2014 8 11 177.01
2014 8 12 109.86
2014 8 13 86.76
2014 8 14 78.32
2014 8 15 83.42
2014 8 16 74.41
2014 8 17 144.02
2014 8 18 175.79
2014 8 19 100.67
2014 8 20 82.16
2014 8 21 70.13
2014 8 22 67.66
2014 8 23 70.25
2014 8 24 60.38
2014 8 25 56.43
2014 8 26 54.82
2014 8 27 52.72
2014 8 28 51.83
2014 8 29 56.45
2014 8 30 72.03
2014 8 31 55.48
2014 9 1 59.15
2014 9 2 53.90
2014 9 3 52.91
2014 9 4 65.28
2014 9 5 67.84
2014 9 6 115.01
2014 9 7 153.06
2014 9 8 76.11
2014 9 9 56.90
2014 9 10 53.00
2014 9 11 50.30
2014 9 12 48.49
2014 9 13 46.84
2014 9 14 44.68
2014 9 15 42.07
2014 9 16 36.10
2014 9 17 30.24
2014 9 18 29.54
2014 9 19 30.34
2014 9 20 32.96
2014 9 21 31.58
2014 9 22 31.95
2014 9 23 30.55
2014 9 24 30.32
2014 9 25 30.34
2014 9 26 30.45
2014 9 27 29.71
2014 9 28 28.49
2014 9 29 26.04
2014 9 30 24.97
2014 10 1 28.92
2014 10 2 28.96
2014 10 3 27.18
2014 10 4 25.95
2014 10 5 30.54
2014 10 6 77.98
2014 10 7 39.08
2014 10 8 32.88
2014 10 9 31.03
2014 10 10 30.32
2014 10 11 30.06
2014 10 12 31.90
2014 10 13 1233.81
2014 10 14 270.09
2014 10 15 107.52
2014 10 16 75.71
2014 10 17 63.98
2014 10 18 56.73
2014 10 19 53.59
2014 10 20 52.86
2014 10 21 51.98
2014 10 22 62.90
2014 10 23 61.09
2014 10 24 53.09
2014 10 25 51.83
2014 10 26 51.15
2014 10 27 50.48
2014 10 28 49.16
2014 10 29 48.41
2014 10 30 48.17
2014 10 31 48.69
2014 11 1 48.85
2014 11 2 48.29
2014 11 3 46.71
2014 11 4 46.20
2014 11 5 45.95
2014 11 6 45.88
2014 11 7 43.70
2014 11 8 40.41
2014 11 9 39.07
2014 11 10 40.64
2014 11 11 37.39
2014 11 12 30.15
2014 11 13 34.61
2014 11 14 33.72
2014 11 15 32.82
2014 11 16 31.48
2014 11 17 25.31
2014 11 18 26.91
2014 11 19 28.90
2014 11 20 28.75
2014 11 21 29.96
2014 11 22 29.94
2014 11 23 28.92
2014 11 24 28.44
2014 11 25 29.67
2014 11 26 30.78
2014 11 27 29.78
2014 11 28 29.37
2014 11 29 30.06
2014 11 30 30.35
2014 12 1 31.69
2014 12 2 30.71
2014 12 3 30.69
2014 12 4 30.59
2014 12 5 30.71
2014 12 6 30.20
2014 12 7 29.10
2014 12 8 27.87
2014 12 9 28.16
2014 12 10 27.85
2014 12 11 28.01
2014 12 12 27.93
2014 12 13 28.25
2014 12 14 28.43
2014 12 15 28.57
2014 12 16 27.80
2014 12 17 28.10
2014 12 18 28.12
2014 12 19 26.95
2014 12 20 28.89
2014 12 21 30.08
2014 12 22 28.54
2014 12 23 27.40
2014 12 24 23.62
2014 12 25 22.92
2014 12 26 22.67
2014 12 27 21.19
2014 12 28 21.64
2014 12 29 21.33
2014 12 30 21.30
2014 12 31 21.11
