2014 1 1 13.23
2014 1 2 12.50
2014 1 3 11.86
2014 1 4 11.71
2014 1 5 11.20
2014 1 6 11.75
2014 1 7 11.35
2014 1 8 22.89
2014 1 9 30.76
2014 1 10 16.80
2014 1 11 14.30
2014 1 12 13.38
2014 1 13 12.65
2014 1 14 11.90
2014 1 15 11.49
2014 1 16 11.02
2014 1 17 10.78
2014 1 18 10.49
2014 1 19 10.25
2014 1 20 11.16
2014 1 21 11.77
2014 1 22 12.22
2014 1 23 11.18
2014 1 24 10.11
2014 1 25 9.64
2014 1 26 11.10
2014 1 27 9.95
2014 1 28 9.54
2014 1 29 9.41
2014 1 30 14.46
2014 1 31 11.96
2014 2 1 10.15
2014 2 2 20.71
2014 2 3 12.84
2014 2 4 11.46
2014 2 5 10.35
2014 2 6 11.47
2014 2 7 14.80
2014 2 8 34.25
2014 2 9 21.06
2014 2 10 17.03
2014 2 11 14.63
2014 2 12 13.38
2014 2 13 12.47
2014 2 14 21.44
2014 2 15 17.20
2014 2 16 14.56
2014 2 17 14.32
2014 2 18 39.44
2014 2 19 21.37
2014 2 20 17.25
2014 2 21 15.33
2014 2 22 14.06
2014 2 23 12.99
2014 2 24 12.61
2014 2 25 11.82
2014 2 26 16.35
2014 2 27 24.91
2014 2 28 16.63
2014 3 1 14.89
2014 3 2 22.31
2014 3 3 14.97
2014 3 4 12.69
2014 3 5 15.24
2014 3 6 13.38
2014 3 7 12.50
2014 3 8 10.99
2014 3 9 10.99
2014 3 10 13.35
2014 3 11 10.88
2014 3 12 10.08
2014 3 13 26.44
2014 3 14 27.13
2014 3 15 19.50
2014 3 16 15.09
2014 3 17 13.20
2014 3 18 12.31
2014 3 19 12.61
2014 3 20 12.66
2014 3 21 23.92
2014 3 22 14.99
2014 3 23 12.69
2014 3 24 12.00
2014 3 25 12.72
2014 3 26 53.59
2014 3 27 41.35
2014 3 28 25.89
2014 3 29 31.72
2014 3 30 77.63
2014 3 31 43.76
2014 4 1 33.23
2014 4 2 26.06
2014 4 3 22.29
2014 4 4 26.53
2014 4 5 25.70
2014 4 6 32.87
2014 4 7 21.95
2014 4 8 18.98
2014 4 9 17.02
2014 4 10 15.80
2014 4 11 14.96
2014 4 12 14.14
2014 4 13 26.98
2014 4 14 24.41
2014 4 15 16.59
2014 4 16 15.04
2014 4 17 14.38
2014 4 18 20.72
2014 4 19 15.09
2014 4 20 15.05
2014 4 21 13.86
2014 4 22 12.84
2014 4 23 12.50
2014 4 24 11.75
2014 4 25 11.36
2014 4 26 11.28
2014 4 27 11.21
2014 4 28 11.24
2014 4 29 11.49
2014 4 30 11.07
2014 5 1 12.17
2014 5 2 9.98
2014 5 3 9.35
2014 5 4 8.84
2014 5 5 8.83
2014 5 6 8.48
2014 5 7 8.42
2014 5 8 8.33
2014 5 9 8.21
2014 5 10 7.78
2014 5 11 7.19
2014 5 12 26.05
2014 5 13 22.20
2014 5 14 13.89
2014 5 15 21.73
2014 5 16 12.73
2014 5 17 10.15
2014 5 18 9.75
2014 5 19 8.61
2014 5 20 25.04
2014 5 21 44.99
2014 5 22 18.83
2014 5 23 13.89
2014 5 24 12.17
2014 5 25 11.09
2014 5 26 10.36
2014 5 27 8.79
2014 5 28 8.27
2014 5 29 6.28
2014 5 30 5.15
2014 5 31 4.84
2014 6 1 4.89
2014 6 2 4.79
2014 6 3 4.94
2014 6 4 6.61
2014 6 5 9.02
2014 6 6 7.36
2014 6 7 8.02
2014 6 8 8.02
2014 6 9 7.62
2014 6 10 8.10
2014 6 11 7.02
2014 6 12 6.63
2014 6 13 6.63
2014 6 14 6.74
2014 6 15 6.77
2014 6 16 6.31
2014 6 17 8.25
2014 6 18 38.01
2014 6 19 19.73
2014 6 20 11.14
2014 6 21 22.74
2014 6 22 98.93
2014 6 23 31.16
2014 6 24 19.07
2014 6 25 13.36
2014 6 26 11.64
2014 6 27 13.46
2014 6 28 14.18
2014 6 29 11.05
2014 6 30 8.97
2014 7 1 8.48
2014 7 2 9.66
2014 7 3 487.18
2014 7 4 70.98
2014 7 5 41.71
2014 7 6 155.54
2014 7 7 603.87
2014 7 8 171.99
2014 7 9 72.90
2014 7 10 48.76
2014 7 11 35.60
2014 7 12 65.80
2014 7 13 140.21
2014 7 14 43.98
2014 7 15 92.83
2014 7 16 127.67
2014 7 17 57.35
2014 7 18 46.47
2014 7 19 39.96
2014 7 20 40.99
2014 7 21 36.89
2014 7 22 31.83
2014 7 23 25.42
2014 7 24 25.53
2014 7 25 22.31
2014 7 26 19.26
2014 7 27 18.79
2014 7 28 16.27
2014 7 29 14.42
2014 7 30 17.02
2014 7 31 21.90
2014 8 1 20.46
2014 8 2 20.70
2014 8 3 39.68
2014 8 4 55.94
2014 8 5 122.32
2014 8 6 52.22
2014 8 7 43.33
2014 8 8 50.48
2014 8 9 45.21
2014 8 10 36.40
2014 8 11 33.86
2014 8 12 25.52
2014 8 13 20.84
2014 8 14 25.09
2014 8 15 69.35
2014 8 16 89.82
2014 8 17 42.61
2014 8 18 39.02
2014 8 19 51.32
2014 8 20 196.30
2014 8 21 52.68
2014 8 22 272.64
2014 8 23 67.09
2014 8 24 51.69
2014 8 25 45.22
2014 8 26 41.14
2014 8 27 36.98
2014 8 28 34.77
2014 8 29 61.80
2014 8 30 44.10
2014 8 31 35.32
2014 9 1 42.63
2014 9 2 37.76
2014 9 3 44.90
2014 9 4 211.51
2014 9 5 61.05
2014 9 6 48.99
2014 9 7 41.62
2014 9 8 36.99
2014 9 9 32.58
2014 9 10 28.15
2014 9 11 25.43
2014 9 12 23.73
2014 9 13 22.64
2014 9 14 21.13
2014 9 15 20.98
2014 9 16 20.05
2014 9 17 18.18
2014 9 18 18.04
2014 9 19 18.37
2014 9 20 24.19
2014 9 21 19.40
2014 9 22 17.68
2014 9 23 18.04
2014 9 24 25.34
2014 9 25 24.90
2014 9 26 17.51
2014 9 27 16.53
2014 9 28 15.46
2014 9 29 14.91
2014 9 30 16.54
2014 10 1 16.98
2014 10 2 26.19
2014 10 3 18.47
2014 10 4 16.19
2014 10 5 23.37
2014 10 6 24.40
2014 10 7 16.74
2014 10 8 15.54
2014 10 9 14.75
2014 10 10 17.94
2014 10 11 15.66
2014 10 12 15.81
2014 10 13 84.31
2014 10 14 48.69
2014 10 15 28.20
2014 10 16 21.39
2014 10 17 18.28
2014 10 18 16.80
2014 10 19 15.46
2014 10 20 14.95
2014 10 21 16.08
2014 10 22 26.69
2014 10 23 22.04
2014 10 24 16.81
2014 10 25 15.17
2014 10 26 14.54
2014 10 27 14.14
2014 10 28 13.58
2014 10 29 13.23
2014 10 30 12.27
2014 10 31 12.08
2014 11 1 13.14
2014 11 2 16.44
2014 11 3 12.61
2014 11 4 12.09
2014 11 5 11.20
2014 11 6 11.20
2014 11 7 10.88
2014 11 8 10.78
2014 11 9 21.10
2014 11 10 14.06
2014 11 11 11.75
2014 11 12 11.20
2014 11 13 10.42
2014 11 14 10.46
2014 11 15 9.78
2014 11 16 9.61
2014 11 17 10.31
2014 11 18 9.76
2014 11 19 8.54
2014 11 20 9.25
2014 11 21 9.22
2014 11 22 9.25
2014 11 23 8.76
2014 11 24 8.64
2014 11 25 44.13
2014 11 26 18.89
2014 11 27 13.95
2014 11 28 12.46
2014 11 29 17.39
2014 11 30 41.96
2014 12 1 40.45
2014 12 2 22.13
2014 12 3 17.68
2014 12 4 31.12
2014 12 5 27.67
2014 12 6 21.50
2014 12 7 18.00
2014 12 8 15.92
2014 12 9 14.62
2014 12 10 13.20
2014 12 11 20.65
2014 12 12 16.15
2014 12 13 14.38
2014 12 14 13.70
2014 12 15 12.72
2014 12 16 18.40
2014 12 17 15.42
2014 12 18 13.38
2014 12 19 12.61
2014 12 20 33.95
2014 12 21 23.13
2014 12 22 21.76
2014 12 23 16.71
2014 12 24 15.13
2014 12 25 15.34
2014 12 26 12.99
2014 12 27 12.72
2014 12 28 12.08
2014 12 29 12.08
2014 12 30 11.53
2014 12 31 14.66
