2014 1 1 17.54
2014 1 2 17.48
2014 1 3 17.26
2014 1 4 17.24
2014 1 5 16.16
2014 1 6 14.93
2014 1 7 14.77
2014 1 8 15.53
2014 1 9 17.38
2014 1 10 15.28
2014 1 11 14.80
2014 1 12 15.03
2014 1 13 14.55
2014 1 14 14.35
2014 1 15 14.32
2014 1 16 14.94
2014 1 17 16.06
2014 1 18 16.18
2014 1 19 16.20
2014 1 20 15.40
2014 1 21 14.32
2014 1 22 14.03
2014 1 23 14.01
2014 1 24 13.77
2014 1 25 14.05
2014 1 26 14.63
2014 1 27 14.00
2014 1 28 13.56
2014 1 29 13.70
2014 1 30 18.17
2014 1 31 18.91
2014 2 1 16.70
2014 2 2 23.79
2014 2 3 20.27
2014 2 4 16.87
2014 2 5 15.54
2014 2 6 15.28
2014 2 7 17.54
2014 2 8 21.05
2014 2 9 20.60
2014 2 10 18.56
2014 2 11 18.03
2014 2 12 16.96
2014 2 13 16.84
2014 2 14 20.18
2014 2 15 19.99
2014 2 16 19.26
2014 2 17 18.76
2014 2 18 18.83
2014 2 19 18.91
2014 2 20 17.97
2014 2 21 16.29
2014 2 22 16.23
2014 2 23 15.99
2014 2 24 16.25
2014 2 25 19.98
2014 2 26 21.31
2014 2 27 24.02
2014 2 28 22.67
2014 3 1 21.80
2014 3 2 24.02
2014 3 3 22.54
2014 3 4 21.79
2014 3 5 22.56
2014 3 6 21.93
2014 3 7 21.63
2014 3 8 20.71
2014 3 9 21.00
2014 3 10 20.80
2014 3 11 20.70
2014 3 12 20.35
2014 3 13 26.44
2014 3 14 26.35
2014 3 15 24.27
2014 3 16 22.71
2014 3 17 22.05
2014 3 18 22.28
2014 3 19 21.74
2014 3 20 26.95
2014 3 21 39.42
2014 3 22 23.47
2014 3 23 22.46
2014 3 24 22.17
2014 3 25 22.03
2014 3 26 24.26
2014 3 27 27.10
2014 3 28 23.82
2014 3 29 24.29
2014 3 30 67.32
2014 3 31 53.91
2014 4 1 45.56
2014 4 2 36.42
2014 4 3 26.72
2014 4 4 27.36
2014 4 5 25.54
2014 4 6 27.51
2014 4 7 25.28
2014 4 8 24.57
2014 4 9 23.33
2014 4 10 22.13
2014 4 11 22.69
2014 4 12 20.59
2014 4 13 22.87
2014 4 14 24.22
2014 4 15 23.18
2014 4 16 21.61
2014 4 17 19.81
2014 4 18 22.52
2014 4 19 24.67
2014 4 20 25.28
2014 4 21 24.97
2014 4 22 23.62
2014 4 23 22.65
2014 4 24 21.52
2014 4 25 19.86
2014 4 26 18.40
2014 4 27 17.24
2014 4 28 17.41
2014 4 29 18.40
2014 4 30 18.05
2014 5 1 18.09
2014 5 2 18.05
2014 5 3 17.63
2014 5 4 16.87
2014 5 5 17.71
2014 5 6 16.46
2014 5 7 15.06
2014 5 8 14.74
2014 5 9 14.63
2014 5 10 13.15
2014 5 11 12.83
2014 5 12 19.94
2014 5 13 27.88
2014 5 14 25.08
2014 5 15 35.17
2014 5 16 29.06
2014 5 17 25.94
2014 5 18 23.53
2014 5 19 17.68
2014 5 20 15.06
2014 5 21 23.16
2014 5 22 21.24
2014 5 23 17.45
2014 5 24 15.33
2014 5 25 13.29
2014 5 26 13.81
2014 5 27 13.26
2014 5 28 13.26
2014 5 29 12.86
2014 5 30 12.43
2014 5 31 12.43
2014 6 1 12.39
2014 6 2 12.39
2014 6 3 12.93
2014 6 4 19.28
2014 6 5 15.68
2014 6 6 13.76
2014 6 7 13.49
2014 6 8 13.22
2014 6 9 12.90
2014 6 10 14.39
2014 6 11 13.63
2014 6 12 13.04
2014 6 13 10.99
2014 6 14 11.35
2014 6 15 11.04
2014 6 16 11.21
2014 6 17 23.26
2014 6 18 62.40
2014 6 19 29.73
2014 6 20 22.71
2014 6 21 45.49
2014 6 22 355.87
2014 6 23 98.06
2014 6 24 51.32
2014 6 25 40.93
2014 6 26 30.85
2014 6 27 72.21
2014 6 28 67.38
2014 6 29 48.10
2014 6 30 39.80
2014 7 1 29.79
2014 7 2 30.43
2014 7 3 101.98
2014 7 4 81.57
2014 7 5 45.15
2014 7 6 66.39
2014 7 7 207.88
2014 7 8 110.62
2014 7 9 81.46
2014 7 10 105.04
2014 7 11 80.17
2014 7 12 61.09
2014 7 13 61.51
2014 7 14 55.84
2014 7 15 48.39
2014 7 16 37.15
2014 7 17 29.57
2014 7 18 28.05
2014 7 19 24.32
2014 7 20 23.09
2014 7 21 21.42
2014 7 22 38.50
2014 7 23 34.27
2014 7 24 25.44
2014 7 25 21.38
2014 7 26 20.91
2014 7 27 20.40
2014 7 28 21.48
2014 7 29 21.67
2014 7 30 22.81
2014 7 31 25.51
2014 8 1 37.56
2014 8 2 56.62
2014 8 3 46.63
2014 8 4 49.19
2014 8 5 51.70
2014 8 6 45.18
2014 8 7 37.70
2014 8 8 57.14
2014 8 9 75.85
2014 8 10 69.38
2014 8 11 59.90
2014 8 12 45.96
2014 8 13 35.09
2014 8 14 32.30
2014 8 15 28.05
2014 8 16 24.23
2014 8 17 23.72
2014 8 18 22.76
2014 8 19 23.32
2014 8 20 21.64
2014 8 21 16.14
2014 8 22 35.37
2014 8 23 28.30
2014 8 24 22.61
2014 8 25 19.86
2014 8 26 20.59
2014 8 27 17.49
2014 8 28 15.33
2014 8 29 24.59
2014 8 30 47.07
2014 8 31 28.39
2014 9 1 26.15
2014 9 2 23.63
2014 9 3 24.76
2014 9 4 81.42
2014 9 5 72.42
2014 9 6 51.08
2014 9 7 39.39
2014 9 8 36.54
2014 9 9 31.31
2014 9 10 21.49
2014 9 11 19.81
2014 9 12 18.27
2014 9 13 19.37
2014 9 14 17.19
2014 9 15 15.57
2014 9 16 15.09
2014 9 17 14.43
2014 9 18 14.24
2014 9 19 17.41
2014 9 20 19.86
2014 9 21 16.59
2014 9 22 14.94
2014 9 23 14.16
2014 9 24 16.32
2014 9 25 16.96
2014 9 26 13.06
2014 9 27 12.39
2014 9 28 12.69
2014 9 29 13.51
2014 9 30 13.49
2014 10 1 17.71
2014 10 2 21.19
2014 10 3 20.26
2014 10 4 19.07
2014 10 5 19.05
2014 10 6 20.94
2014 10 7 20.45
2014 10 8 19.26
2014 10 9 18.90
2014 10 10 17.93
2014 10 11 17.60
2014 10 12 17.77
2014 10 13 48.17
2014 10 14 49.60
2014 10 15 31.82
2014 10 16 24.95
2014 10 17 23.34
2014 10 18 22.14
2014 10 19 21.39
2014 10 20 21.18
2014 10 21 20.07
2014 10 22 44.49
2014 10 23 28.95
2014 10 24 25.34
2014 10 25 23.19
2014 10 26 21.84
2014 10 27 22.37
2014 10 28 20.68
2014 10 29 19.55
2014 10 30 18.40
2014 10 31 17.70
2014 11 1 17.89
2014 11 2 18.30
2014 11 3 17.66
2014 11 4 17.10
2014 11 5 16.84
2014 11 6 15.80
2014 11 7 15.69
2014 11 8 15.50
2014 11 9 22.19
2014 11 10 22.06
2014 11 11 20.41
2014 11 12 19.64
2014 11 13 19.28
2014 11 14 16.88
2014 11 15 15.62
2014 11 16 14.58
2014 11 17 14.45
2014 11 18 14.26
2014 11 19 14.13
2014 11 20 14.01
2014 11 21 14.03
2014 11 22 14.19
2014 11 23 13.92
2014 11 24 13.79
2014 11 25 15.44
2014 11 26 18.74
2014 11 27 16.75
2014 11 28 16.06
2014 11 29 15.88
2014 11 30 16.52
2014 12 1 23.10
2014 12 2 23.13
2014 12 3 21.33
2014 12 4 22.76
2014 12 5 24.00
2014 12 6 23.32
2014 12 7 22.02
2014 12 8 21.20
2014 12 9 20.82
2014 12 10 20.73
2014 12 11 23.82
2014 12 12 24.22
2014 12 13 25.28
2014 12 14 25.32
2014 12 15 25.01
2014 12 16 25.90
2014 12 17 25.34
2014 12 18 23.96
2014 12 19 23.28
2014 12 20 25.56
2014 12 21 25.70
2014 12 22 25.07
2014 12 23 24.34
2014 12 24 23.86
2014 12 25 23.40
2014 12 26 18.89
2014 12 27 17.60
2014 12 28 16.87
2014 12 29 16.67
2014 12 30 16.49
2014 12 31 16.32
