2014 1 1 37.43
2014 1 2 35.02
2014 1 3 35.03
2014 1 4 34.35
2014 1 5 33.79
2014 1 6 33.80
2014 1 7 33.13
2014 1 8 35.71
2014 1 9 52.21
2014 1 10 38.41
2014 1 11 35.03
2014 1 12 34.13
2014 1 13 32.91
2014 1 14 32.48
2014 1 15 32.38
2014 1 16 31.41
2014 1 17 31.73
2014 1 18 31.40
2014 1 19 31.62
2014 1 20 30.25
2014 1 21 31.61
2014 1 22 29.60
2014 1 23 29.83
2014 1 24 28.38
2014 1 25 29.42
2014 1 26 34.50
2014 1 27 30.45
2014 1 28 28.89
2014 1 29 28.58
2014 1 30 58.63
2014 1 31 65.35
2014 2 1 41.40
2014 2 2 76.08
2014 2 3 70.10
2014 2 4 62.51
2014 2 5 47.81
2014 2 6 45.43
2014 2 7 56.58
2014 2 8 80.40
2014 2 9 82.89
2014 2 10 70.38
2014 2 11 82.25
2014 2 12 66.02
2014 2 13 62.22
2014 2 14 94.44
2014 2 15 88.45
2014 2 16 76.47
2014 2 17 68.49
2014 2 18 75.95
2014 2 19 105.91
2014 2 20 103.91
2014 2 21 92.02
2014 2 22 77.46
2014 2 23 70.71
2014 2 24 63.93
2014 2 25 32.51
2014 2 26 31.69
2014 2 27 119.97
2014 2 28 102.51
2014 3 1 79.23
2014 3 2 91.17
2014 3 3 97.48
2014 3 4 -9999
2014 3 5 68.09
2014 3 6 61.80
2014 3 7 54.36
2014 3 8 53.82
2014 3 9 47.34
2014 3 10 50.80
2014 3 11 49.28
2014 3 12 41.87
2014 3 13 70.47
2014 3 14 81.62
2014 3 15 55.58
2014 3 16 54.64
2014 3 17 53.96
2014 3 18 54.63
2014 3 19 54.49
2014 3 20 66.37
2014 3 21 57.64
2014 3 22 54.77
2014 3 23 53.03
2014 3 24 46.19
2014 3 25 46.90
2014 3 26 47.84
2014 3 27 60.88
2014 3 28 55.84
2014 3 29 56.78
2014 3 30 271.34
2014 3 31 191.53
2014 4 1 140.70
2014 4 2 123.06
2014 4 3 88.73
2014 4 4 82.78
2014 4 5 69.64
2014 4 6 72.11
2014 4 7 58.31
2014 4 8 55.57
2014 4 9 54.62
2014 4 10 51.74
2014 4 11 49.86
2014 4 12 47.09
2014 4 13 75.42
2014 4 14 72.19
2014 4 15 49.45
2014 4 16 51.73
2014 4 17 49.92
2014 4 18 82.75
2014 4 19 63.98
2014 4 20 63.56
2014 4 21 73.94
2014 4 22 55.08
2014 4 23 63.05
2014 4 24 57.36
2014 4 25 51.51
2014 4 26 49.37
2014 4 27 49.72
2014 4 28 50.41
2014 4 29 50.47
2014 4 30 45.81
2014 5 1 48.18
2014 5 2 44.87
2014 5 3 45.42
2014 5 4 43.57
2014 5 5 44.32
2014 5 6 42.98
2014 5 7 44.72
2014 5 8 36.33
2014 5 9 47.06
2014 5 10 39.94
2014 5 11 38.65
2014 5 12 64.40
2014 5 13 96.82
2014 5 14 88.00
2014 5 15 205.89
2014 5 16 121.04
2014 5 17 80.75
2014 5 18 72.78
2014 5 19 70.68
2014 5 20 115.38
2014 5 21 155.95
2014 5 22 112.79
2014 5 23 83.72
2014 5 24 76.49
2014 5 25 73.77
2014 5 26 107.38
2014 5 27 78.26
2014 5 28 72.09
2014 5 29 65.46
2014 5 30 62.71
2014 5 31 62.55
2014 6 1 56.14
2014 6 2 57.02
2014 6 3 65.88
2014 6 4 122.55
2014 6 5 141.81
2014 6 6 80.33
2014 6 7 69.79
2014 6 8 68.58
2014 6 9 78.23
2014 6 10 70.63
2014 6 11 74.25
2014 6 12 68.88
2014 6 13 64.21
2014 6 14 57.18
2014 6 15 57.90
2014 6 16 57.90
2014 6 17 90.05
2014 6 18 133.68
2014 6 19 97.40
2014 6 20 85.18
2014 6 21 211.29
2014 6 22 1410.93
2014 6 23 610.21
2014 6 24 300.89
2014 6 25 200.14
2014 6 26 187.14
2014 6 27 715.35
2014 6 28 667.61
2014 6 29 315.68
2014 6 30 222.35
2014 7 1 175.27
2014 7 2 183.52
2014 7 3 602.44
2014 7 4 514.58
2014 7 5 263.80
2014 7 6 748.95
2014 7 7 1528.97
2014 7 8 774.45
2014 7 9 474.98
2014 7 10 1048.88
2014 7 11 676.25
2014 7 12 396.85
2014 7 13 313.61
2014 7 14 316.06
2014 7 15 266.39
2014 7 16 213.09
2014 7 17 182.66
2014 7 18 163.10
2014 7 19 149.39
2014 7 20 144.34
2014 7 21 135.45
2014 7 22 126.42
2014 7 23 112.57
2014 7 24 105.06
2014 7 25 83.16
2014 7 26 87.68
2014 7 27 82.65
2014 7 28 78.56
2014 7 29 74.13
2014 7 30 72.71
2014 7 31 109.58
2014 8 1 262.28
2014 8 2 295.38
2014 8 3 270.55
2014 8 4 259.19
2014 8 5 365.36
2014 8 6 299.83
2014 8 7 221.08
2014 8 8 202.80
2014 8 9 241.25
2014 8 10 209.52
2014 8 11 189.47
2014 8 12 154.99
2014 8 13 141.67
2014 8 14 139.91
2014 8 15 138.27
2014 8 16 138.39
2014 8 17 124.52
2014 8 18 122.39
2014 8 19 120.58
2014 8 20 133.53
2014 8 21 107.05
2014 8 22 109.53
2014 8 23 102.73
2014 8 24 97.14
2014 8 25 86.50
2014 8 26 93.12
2014 8 27 78.42
2014 8 28 73.80
2014 8 29 109.57
2014 8 30 153.96
2014 8 31 112.72
2014 9 1 99.83
2014 9 2 92.23
2014 9 3 103.25
2014 9 4 460.30
2014 9 5 365.51
2014 9 6 245.21
2014 9 7 310.73
2014 9 8 283.23
2014 9 9 184.11
2014 9 10 152.18
2014 9 11 140.82
2014 9 12 119.48
2014 9 13 124.29
2014 9 14 103.16
2014 9 15 97.92
2014 9 16 93.92
2014 9 17 84.08
2014 9 18 81.04
2014 9 19 106.09
2014 9 20 130.22
2014 9 21 98.81
2014 9 22 102.75
2014 9 23 88.72
2014 9 24 95.92
2014 9 25 130.86
2014 9 26 98.19
2014 9 27 93.05
2014 9 28 81.54
2014 9 29 78.27
2014 9 30 73.33
2014 10 1 70.56
2014 10 2 70.10
2014 10 3 70.56
2014 10 4 68.58
2014 10 5 70.27
2014 10 6 74.12
2014 10 7 68.16
2014 10 8 65.91
2014 10 9 55.14
2014 10 10 62.78
2014 10 11 55.16
2014 10 12 65.31
2014 10 13 123.03
2014 10 14 144.93
2014 10 15 98.44
2014 10 16 83.48
2014 10 17 75.07
2014 10 18 68.45
2014 10 19 66.20
2014 10 20 56.38
2014 10 21 60.17
2014 10 22 69.04
2014 10 23 67.38
2014 10 24 64.73
2014 10 25 55.30
2014 10 26 57.18
2014 10 27 65.36
2014 10 28 61.54
2014 10 29 54.47
2014 10 30 55.62
2014 10 31 55.87
2014 11 1 56.69
2014 11 2 64.73
2014 11 3 55.74
2014 11 4 52.32
2014 11 5 54.45
2014 11 6 51.40
2014 11 7 49.20
2014 11 8 48.13
2014 11 9 86.58
2014 11 10 71.86
2014 11 11 57.37
2014 11 12 54.87
2014 11 13 55.64
2014 11 14 49.95
2014 11 15 65.36
2014 11 16 58.19
2014 11 17 58.33
2014 11 18 54.77
2014 11 19 52.52
2014 11 20 48.24
2014 11 21 48.13
2014 11 22 48.01
2014 11 23 44.65
2014 11 24 45.13
2014 11 25 64.34
2014 11 26 75.33
2014 11 27 52.24
2014 11 28 48.61
2014 11 29 49.55
2014 11 30 52.61
2014 12 1 95.25
2014 12 2 76.78
2014 12 3 63.71
2014 12 4 68.49
2014 12 5 82.49
2014 12 6 84.02
2014 12 7 71.66
2014 12 8 63.60
2014 12 9 61.00
2014 12 10 57.63
2014 12 11 61.73
2014 12 12 63.27
2014 12 13 59.30
2014 12 14 57.64
2014 12 15 56.12
2014 12 16 61.05
2014 12 17 64.59
2014 12 18 59.60
2014 12 19 56.13
2014 12 20 81.67
2014 12 21 95.85
2014 12 22 78.60
2014 12 23 68.92
2014 12 24 63.87
2014 12 25 62.00
2014 12 26 58.18
2014 12 27 56.13
2014 12 28 55.19
2014 12 29 54.37
2014 12 30 52.37
2014 12 31 52.14
