2014 1 1 24.04
2014 1 2 23.70
2014 1 3 23.66
2014 1 4 23.14
2014 1 5 22.52
2014 1 6 22.91
2014 1 7 22.49
2014 1 8 23.43
2014 1 9 27.56
2014 1 10 23.68
2014 1 11 22.73
2014 1 12 23.03
2014 1 13 22.32
2014 1 14 22.43
2014 1 15 21.78
2014 1 16 21.40
2014 1 17 21.40
2014 1 18 20.78
2014 1 19 20.77
2014 1 20 20.85
2014 1 21 20.46
2014 1 22 20.89
2014 1 23 20.14
2014 1 24 19.86
2014 1 25 20.32
2014 1 26 21.63
2014 1 27 20.11
2014 1 28 19.91
2014 1 29 19.29
2014 1 30 23.23
2014 1 31 27.01
2014 2 1 21.49
2014 2 2 23.81
2014 2 3 25.04
2014 2 4 22.24
2014 2 5 21.53
2014 2 6 21.58
2014 2 7 24.83
2014 2 8 31.62
2014 2 9 31.27
2014 2 10 30.10
2014 2 11 30.14
2014 2 12 25.99
2014 2 13 26.55
2014 2 14 30.96
2014 2 15 29.26
2014 2 16 27.65
2014 2 17 26.22
2014 2 18 34.40
2014 2 19 34.30
2014 2 20 31.71
2014 2 21 29.84
2014 2 22 28.34
2014 2 23 28.69
2014 2 24 28.32
2014 2 25 29.24
2014 2 26 31.50
2014 2 27 80.66
2014 2 28 73.59
2014 3 1 59.13
2014 3 2 55.16
2014 3 3 49.71
2014 3 4 44.93
2014 3 5 42.79
2014 3 6 40.77
2014 3 7 35.49
2014 3 8 34.23
2014 3 9 32.98
2014 3 10 31.49
2014 3 11 29.92
2014 3 12 29.54
2014 3 13 34.24
2014 3 14 39.40
2014 3 15 31.77
2014 3 16 30.74
2014 3 17 30.16
2014 3 18 28.74
2014 3 19 29.47
2014 3 20 31.08
2014 3 21 30.27
2014 3 22 27.84
2014 3 23 27.12
2014 3 24 26.12
2014 3 25 25.27
2014 3 26 25.76
2014 3 27 27.59
2014 3 28 25.63
2014 3 29 25.15
2014 3 30 41.39
2014 3 31 42.65
2014 4 1 36.41
2014 4 2 30.73
2014 4 3 29.66
2014 4 4 32.55
2014 4 5 28.52
2014 4 6 30.05
2014 4 7 27.28
2014 4 8 26.37
2014 4 9 25.98
2014 4 10 25.11
2014 4 11 24.02
2014 4 12 24.12
2014 4 13 40.45
2014 4 14 58.92
2014 4 15 40.34
2014 4 16 34.29
2014 4 17 32.47
2014 4 18 34.27
2014 4 19 31.07
2014 4 20 36.95
2014 4 21 43.56
2014 4 22 38.10
2014 4 23 35.69
2014 4 24 33.34
2014 4 25 31.24
2014 4 26 30.44
2014 4 27 28.49
2014 4 28 33.59
2014 4 29 55.36
2014 4 30 41.40
2014 5 1 35.27
2014 5 2 32.99
2014 5 3 30.89
2014 5 4 28.71
2014 5 5 27.88
2014 5 6 26.41
2014 5 7 25.58
2014 5 8 25.20
2014 5 9 24.79
2014 5 10 23.52
2014 5 11 23.05
2014 5 12 30.21
2014 5 13 39.84
2014 5 14 32.67
2014 5 15 63.61
2014 5 16 42.40
2014 5 17 32.58
2014 5 18 31.09
2014 5 19 30.56
2014 5 20 55.89
2014 5 21 80.39
2014 5 22 54.53
2014 5 23 44.22
2014 5 24 37.08
2014 5 25 35.27
2014 5 26 33.62
2014 5 27 30.12
2014 5 28 29.43
2014 5 29 27.95
2014 5 30 26.69
2014 5 31 26.26
2014 6 1 24.56
2014 6 2 24.72
2014 6 3 31.42
2014 6 4 570.81
2014 6 5 233.71
2014 6 6 131.81
2014 6 7 94.00
2014 6 8 73.71
2014 6 9 64.77
2014 6 10 55.03
2014 6 11 56.67
2014 6 12 49.13
2014 6 13 42.73
2014 6 14 38.10
2014 6 15 34.35
2014 6 16 33.27
2014 6 17 37.89
2014 6 18 141.62
2014 6 19 107.00
2014 6 20 78.60
2014 6 21 98.91
2014 6 22 490.72
2014 6 23 263.63
2014 6 24 166.53
2014 6 25 118.30
2014 6 26 97.25
2014 6 27 156.79
2014 6 28 169.92
2014 6 29 126.01
2014 6 30 99.70
2014 7 1 83.42
2014 7 2 73.12
2014 7 3 95.09
2014 7 4 103.82
2014 7 5 79.75
2014 7 6 82.95
2014 7 7 223.18
2014 7 8 163.40
2014 7 9 310.03
2014 7 10 581.68
2014 7 11 277.22
2014 7 12 183.45
2014 7 13 140.21
2014 7 14 115.81
2014 7 15 95.77
2014 7 16 81.45
2014 7 17 71.68
2014 7 18 65.79
2014 7 19 59.44
2014 7 20 55.87
2014 7 21 57.87
2014 7 22 55.48
2014 7 23 49.36
2014 7 24 46.16
2014 7 25 40.96
2014 7 26 41.50
2014 7 27 39.11
2014 7 28 40.54
2014 7 29 36.34
2014 7 30 46.55
2014 7 31 123.07
2014 8 1 443.53
2014 8 2 1041.98
2014 8 3 730.21
2014 8 4 270.01
2014 8 5 184.58
2014 8 6 141.61
2014 8 7 117.76
2014 8 8 299.51
2014 8 9 766.85
2014 8 10 566.67
2014 8 11 263.27
2014 8 12 182.09
2014 8 13 138.09
2014 8 14 113.30
2014 8 15 99.35
2014 8 16 95.94
2014 8 17 117.42
2014 8 18 111.70
2014 8 19 88.26
2014 8 20 76.87
2014 8 21 68.58
2014 8 22 68.46
2014 8 23 75.96
2014 8 24 71.60
2014 8 25 61.36
2014 8 26 58.20
2014 8 27 51.77
2014 8 28 47.60
2014 8 29 50.30
2014 8 30 61.94
2014 8 31 57.53
2014 9 1 58.50
2014 9 2 52.43
2014 9 3 49.34
2014 9 4 80.97
2014 9 5 96.96
2014 9 6 139.61
2014 9 7 179.29
2014 9 8 117.02
2014 9 9 87.73
2014 9 10 72.13
2014 9 11 63.51
2014 9 12 56.96
2014 9 13 54.33
2014 9 14 48.60
2014 9 15 45.09
2014 9 16 43.88
2014 9 17 39.46
2014 9 18 37.94
2014 9 19 39.95
2014 9 20 41.78
2014 9 21 36.94
2014 9 22 35.82
2014 9 23 34.70
2014 9 24 37.21
2014 9 25 42.65
2014 9 26 36.25
2014 9 27 33.41
2014 9 28 32.48
2014 9 29 31.74
2014 9 30 30.06
2014 10 1 31.69
2014 10 2 30.85
2014 10 3 29.25
2014 10 4 29.71
2014 10 5 32.51
2014 10 6 67.66
2014 10 7 41.73
2014 10 8 35.58
2014 10 9 33.25
2014 10 10 33.52
2014 10 11 33.49
2014 10 12 149.00
2014 10 13 1469.74
2014 10 14 409.19
2014 10 15 203.23
2014 10 16 140.92
2014 10 17 108.68
2014 10 18 90.02
2014 10 19 78.93
2014 10 20 70.75
2014 10 21 64.78
2014 10 22 64.70
2014 10 23 62.86
2014 10 24 55.23
2014 10 25 51.30
2014 10 26 47.91
2014 10 27 47.05
2014 10 28 43.98
2014 10 29 41.40
2014 10 30 40.11
2014 10 31 39.30
2014 11 1 39.21
2014 11 2 38.76
2014 11 3 36.87
2014 11 4 35.33
2014 11 5 34.06
2014 11 6 32.86
2014 11 7 33.02
2014 11 8 31.59
2014 11 9 40.88
2014 11 10 39.10
2014 11 11 33.54
2014 11 12 31.35
2014 11 13 30.42
2014 11 14 29.29
2014 11 15 28.84
2014 11 16 28.45
2014 11 17 28.09
2014 11 18 26.67
2014 11 19 26.77
2014 11 20 27.23
2014 11 21 26.24
2014 11 22 27.20
2014 11 23 26.99
2014 11 24 26.59
2014 11 25 29.24
2014 11 26 29.37
2014 11 27 26.57
2014 11 28 25.44
2014 11 29 25.26
2014 11 30 26.26
2014 12 1 32.20
2014 12 2 29.37
2014 12 3 26.34
2014 12 4 26.52
2014 12 5 27.46
2014 12 6 27.50
2014 12 7 26.74
2014 12 8 25.16
2014 12 9 24.94
2014 12 10 23.54
2014 12 11 23.57
2014 12 12 24.66
2014 12 13 24.52
2014 12 14 23.58
2014 12 15 23.43
2014 12 16 24.02
2014 12 17 23.61
2014 12 18 20.63
2014 12 19 22.86
2014 12 20 25.18
2014 12 21 28.57
2014 12 22 26.55
2014 12 23 24.75
2014 12 24 23.29
2014 12 25 22.75
2014 12 26 20.67
2014 12 27 22.11
2014 12 28 22.26
2014 12 29 21.42
2014 12 30 21.60
2014 12 31 21.39
