2014 1 1 -9999
2014 1 2 -9999
2014 1 3 -9999
2014 1 4 -9999
2014 1 5 -9999
2014 1 6 -9999
2014 1 7 -9999
2014 1 8 -9999
2014 1 9 -9999
2014 1 10 -9999
2014 1 11 -9999
2014 1 12 -9999
2014 1 13 -9999
2014 1 14 -9999
2014 1 15 -9999
2014 1 16 -9999
2014 1 17 -9999
2014 1 18 -9999
2014 1 19 -9999
2014 1 20 -9999
2014 1 21 -9999
2014 1 22 -9999
2014 1 23 -9999
2014 1 24 -9999
2014 1 25 -9999
2014 1 26 -9999
2014 1 27 -9999
2014 1 28 -9999
2014 1 29 -9999
2014 1 30 -9999
2014 1 31 -9999
2014 2 1 -9999
2014 2 2 -9999
2014 2 3 -9999
2014 2 4 -9999
2014 2 5 -9999
2014 2 6 -9999
2014 2 7 -9999
2014 2 8 -9999
2014 2 9 -9999
2014 2 10 -9999
2014 2 11 -9999
2014 2 12 -9999
2014 2 13 -9999
2014 2 14 -9999
2014 2 15 -9999
2014 2 16 -9999
2014 2 17 -9999
2014 2 18 -9999
2014 2 19 -9999
2014 2 20 -9999
2014 2 21 -9999
2014 2 22 -9999
2014 2 23 -9999
2014 2 24 -9999
2014 2 25 -9999
2014 2 26 -9999
2014 2 27 -9999
2014 2 28 -9999
2014 3 1 -9999
2014 3 2 -9999
2014 3 3 -9999
2014 3 4 -9999
2014 3 5 -9999
2014 3 6 -9999
2014 3 7 -9999
2014 3 8 -9999
2014 3 9 -9999
2014 3 10 -9999
2014 3 11 -9999
2014 3 12 -9999
2014 3 13 -9999
2014 3 14 -9999
2014 3 15 -9999
2014 3 16 -9999
2014 3 17 -9999
2014 3 18 -9999
2014 3 19 -9999
2014 3 20 -9999
2014 3 21 -9999
2014 3 22 -9999
2014 3 23 -9999
2014 3 24 -9999
2014 3 25 -9999
2014 3 26 -9999
2014 3 27 -9999
2014 3 28 -9999
2014 3 29 -9999
2014 3 30 -9999
2014 3 31 -9999
2014 4 1 -9999
2014 4 2 -9999
2014 4 3 -9999
2014 4 4 -9999
2014 4 5 -9999
2014 4 6 -9999
2014 4 7 -9999
2014 4 8 -9999
2014 4 9 -9999
2014 4 10 -9999
2014 4 11 -9999
2014 4 12 -9999
2014 4 13 -9999
2014 4 14 -9999
2014 4 15 -9999
2014 4 16 -9999
2014 4 17 -9999
2014 4 18 -9999
2014 4 19 -9999
2014 4 20 -9999
2014 4 21 -9999
2014 4 22 -9999
2014 4 23 -9999
2014 4 24 -9999
2014 4 25 -9999
2014 4 26 -9999
2014 4 27 -9999
2014 4 28 -9999
2014 4 29 -9999
2014 4 30 -9999
2014 5 1 -9999
2014 5 2 -9999
2014 5 3 -9999
2014 5 4 -9999
2014 5 5 -9999
2014 5 6 -9999
2014 5 7 -9999
2014 5 8 -9999
2014 5 9 -9999
2014 5 10 -9999
2014 5 11 -9999
2014 5 12 -9999
2014 5 13 -9999
2014 5 14 -9999
2014 5 15 -9999
2014 5 16 -9999
2014 5 17 -9999
2014 5 18 -9999
2014 5 19 -9999
2014 5 20 -9999
2014 5 21 -9999
2014 5 22 -9999
2014 5 23 -9999
2014 5 24 -9999
2014 5 25 -9999
2014 5 26 -9999
2014 5 27 -9999
2014 5 28 -9999
2014 5 29 -9999
2014 5 30 -9999
2014 5 31 -9999
2014 6 1 -9999
2014 6 2 -9999
2014 6 3 -9999
2014 6 4 -9999
2014 6 5 -9999
2014 6 6 -9999
2014 6 7 -9999
2014 6 8 -9999
2014 6 9 -9999
2014 6 10 -9999
2014 6 11 -9999
2014 6 12 -9999
2014 6 13 -9999
2014 6 14 -9999
2014 6 15 -9999
2014 6 16 -9999
2014 6 17 -9999
2014 6 18 -9999
2014 6 19 -9999
2014 6 20 -9999
2014 6 21 -9999
2014 6 22 -9999
2014 6 23 -9999
2014 6 24 -9999
2014 6 25 -9999
2014 6 26 -9999
2014 6 27 -9999
2014 6 28 -9999
2014 6 29 -9999
2014 6 30 -9999
2014 7 1 -9999
2014 7 2 -9999
2014 7 3 -9999
2014 7 4 -9999
2014 7 5 -9999
2014 7 6 -9999
2014 7 7 -9999
2014 7 8 -9999
2014 7 9 -9999
2014 7 10 -9999
2014 7 11 -9999
2014 7 12 -9999
2014 7 13 -9999
2014 7 14 -9999
2014 7 15 -9999
2014 7 16 -9999
2014 7 17 -9999
2014 7 18 -9999
2014 7 19 -9999
2014 7 20 -9999
2014 7 21 -9999
2014 7 22 -9999
2014 7 23 -9999
2014 7 24 -9999
2014 7 25 -9999
2014 7 26 -9999
2014 7 27 -9999
2014 7 28 -9999
2014 7 29 -9999
2014 7 30 -9999
2014 7 31 -9999
2014 8 1 -9999
2014 8 2 -9999
2014 8 3 -9999
2014 8 4 -9999
2014 8 5 -9999
2014 8 6 -9999
2014 8 7 -9999
2014 8 8 -9999
2014 8 9 -9999
2014 8 10 -9999
2014 8 11 -9999
2014 8 12 -9999
2014 8 13 -9999
2014 8 14 -9999
2014 8 15 -9999
2014 8 16 -9999
2014 8 17 -9999
2014 8 18 -9999
2014 8 19 -9999
2014 8 20 -9999
2014 8 21 -9999
2014 8 22 -9999
2014 8 23 -9999
2014 8 24 -9999
2014 8 25 -9999
2014 8 26 -9999
2014 8 27 -9999
2014 8 28 -9999
2014 8 29 -9999
2014 8 30 -9999
2014 8 31 -9999
2014 9 1 -9999
2014 9 2 -9999
2014 9 3 -9999
2014 9 4 -9999
2014 9 5 -9999
2014 9 6 -9999
2014 9 7 -9999
2014 9 8 -9999
2014 9 9 -9999
2014 9 10 -9999
2014 9 11 -9999
2014 9 12 -9999
2014 9 13 -9999
2014 9 14 -9999
2014 9 15 -9999
2014 9 16 -9999
2014 9 17 -9999
2014 9 18 -9999
2014 9 19 -9999
2014 9 20 -9999
2014 9 21 -9999
2014 9 22 -9999
2014 9 23 -9999
2014 9 24 -9999
2014 9 25 -9999
2014 9 26 -9999
2014 9 27 -9999
2014 9 28 -9999
2014 9 29 -9999
2014 9 30 -9999
2014 10 1 -9999
2014 10 2 -9999
2014 10 3 -9999
2014 10 4 -9999
2014 10 5 -9999
2014 10 6 -9999
2014 10 7 -9999
2014 10 8 -9999
2014 10 9 -9999
2014 10 10 -9999
2014 10 11 -9999
2014 10 12 -9999
2014 10 13 -9999
2014 10 14 -9999
2014 10 15 -9999
2014 10 16 -9999
2014 10 17 -9999
2014 10 18 -9999
2014 10 19 -9999
2014 10 20 -9999
2014 10 21 -9999
2014 10 22 -9999
2014 10 23 -9999
2014 10 24 -9999
2014 10 25 -9999
2014 10 26 -9999
2014 10 27 -9999
2014 10 28 -9999
2014 10 29 -9999
2014 10 30 -9999
2014 10 31 -9999
2014 11 1 -9999
2014 11 2 -9999
2014 11 3 -9999
2014 11 4 -9999
2014 11 5 -9999
2014 11 6 -9999
2014 11 7 -9999
2014 11 8 -9999
2014 11 9 -9999
2014 11 10 -9999
2014 11 11 -9999
2014 11 12 -9999
2014 11 13 -9999
2014 11 14 -9999
2014 11 15 -9999
2014 11 16 -9999
2014 11 17 -9999
2014 11 18 -9999
2014 11 19 -9999
2014 11 20 -9999
2014 11 21 -9999
2014 11 22 -9999
2014 11 23 -9999
2014 11 24 -9999
2014 11 25 -9999
2014 11 26 -9999
2014 11 27 -9999
2014 11 28 -9999
2014 11 29 -9999
2014 11 30 -9999
2014 12 1 -9999
2014 12 2 -9999
2014 12 3 -9999
2014 12 4 -9999
2014 12 5 -9999
2014 12 6 -9999
2014 12 7 -9999
2014 12 8 -9999
2014 12 9 -9999
2014 12 10 -9999
2014 12 11 -9999
2014 12 12 -9999
2014 12 13 -9999
2014 12 14 -9999
2014 12 15 -9999
2014 12 16 -9999
2014 12 17 -9999
2014 12 18 -9999
2014 12 19 -9999
2014 12 20 -9999
2014 12 21 -9999
2014 12 22 -9999
2014 12 23 -9999
2014 12 24 -9999
2014 12 25 -9999
2014 12 26 -9999
2014 12 27 -9999
2014 12 28 -9999
2014 12 29 -9999
2014 12 30 -9999
2014 12 31 -9999
