2014 1 1 48.15
2014 1 2 48.25
2014 1 3 46.52
2014 1 4 46.49
2014 1 5 47.74
2014 1 6 50.24
2014 1 7 53.66
2014 1 8 52.34
2014 1 9 62.02
2014 1 10 47.36
2014 1 11 49.45
2014 1 12 46.66
2014 1 13 42.30
2014 1 14 42.34
2014 1 15 44.34
2014 1 16 41.35
2014 1 17 43.94
2014 1 18 41.17
2014 1 19 39.74
2014 1 20 42.09
2014 1 21 38.73
2014 1 22 44.52
2014 1 23 40.69
2014 1 24 42.08
2014 1 25 44.21
2014 1 26 45.49
2014 1 27 41.62
2014 1 28 40.03
2014 1 29 45.73
2014 1 30 57.48
2014 1 31 49.91
2014 2 1 47.70
2014 2 2 54.53
2014 2 3 53.31
2014 2 4 48.88
2014 2 5 51.95
2014 2 6 52.22
2014 2 7 75.25
2014 2 8 92.19
2014 2 9 70.82
2014 2 10 96.98
2014 2 11 105.82
2014 2 12 67.77
2014 2 13 72.68
2014 2 14 110.61
2014 2 15 86.96
2014 2 16 71.63
2014 2 17 73.60
2014 2 18 77.72
2014 2 19 135.95
2014 2 20 94.89
2014 2 21 79.90
2014 2 22 80.30
2014 2 23 66.17
2014 2 24 65.68
2014 2 25 74.75
2014 2 26 83.06
2014 2 27 151.69
2014 2 28 90.86
2014 3 1 94.09
2014 3 2 131.20
2014 3 3 79.15
2014 3 4 74.68
2014 3 5 121.19
2014 3 6 73.59
2014 3 7 85.79
2014 3 8 67.85
2014 3 9 84.91
2014 3 10 75.97
2014 3 11 64.31
2014 3 12 68.66
2014 3 13 135.89
2014 3 14 94.44
2014 3 15 73.69
2014 3 16 61.21
2014 3 17 66.12
2014 3 18 62.35
2014 3 19 62.93
2014 3 20 101.41
2014 3 21 77.64
2014 3 22 68.58
2014 3 23 51.14
2014 3 24 63.62
2014 3 25 60.02
2014 3 26 58.03
2014 3 27 59.32
2014 3 28 53.31
2014 3 29 64.95
2014 3 30 175.63
2014 3 31 95.82
2014 4 1 83.49
2014 4 2 55.57
2014 4 3 63.25
2014 4 4 72.35
2014 4 5 69.27
2014 4 6 65.54
2014 4 7 49.63
2014 4 8 60.69
2014 4 9 64.64
2014 4 10 52.76
2014 4 11 57.32
2014 4 12 59.01
2014 4 13 112.14
2014 4 14 119.66
2014 4 15 73.78
2014 4 16 63.33
2014 4 17 62.94
2014 4 18 73.95
2014 4 19 57.44
2014 4 20 93.44
2014 4 21 89.32
2014 4 22 78.64
2014 4 23 81.98
2014 4 24 68.41
2014 4 25 63.45
2014 4 26 57.95
2014 4 27 62.00
2014 4 28 78.57
2014 4 29 95.51
2014 4 30 55.57
2014 5 1 57.56
2014 5 2 52.51
2014 5 3 55.62
2014 5 4 52.54
2014 5 5 48.01
2014 5 6 53.59
2014 5 7 50.56
2014 5 8 43.35
2014 5 9 49.19
2014 5 10 44.92
2014 5 11 47.55
2014 5 12 104.02
2014 5 13 148.80
2014 5 14 160.83
2014 5 15 255.22
2014 5 16 109.39
2014 5 17 94.26
2014 5 18 81.45
2014 5 19 78.91
2014 5 20 136.08
2014 5 21 189.12
2014 5 22 119.98
2014 5 23 87.39
2014 5 24 67.30
2014 5 25 87.86
2014 5 26 160.23
2014 5 27 115.80
2014 5 28 82.01
2014 5 29 72.96
2014 5 30 64.40
2014 5 31 57.37
2014 6 1 53.23
2014 6 2 70.84
2014 6 3 153.61
2014 6 4 471.87
2014 6 5 291.82
2014 6 6 196.76
2014 6 7 143.51
2014 6 8 179.35
2014 6 9 111.79
2014 6 10 142.83
2014 6 11 189.40
2014 6 12 120.50
2014 6 13 94.66
2014 6 14 88.91
2014 6 15 80.46
2014 6 16 70.85
2014 6 17 131.06
2014 6 18 301.97
2014 6 19 177.14
2014 6 20 125.43
2014 6 21 588.24
2014 6 22 726.03
2014 6 23 371.99
2014 6 24 258.43
2014 6 25 200.95
2014 6 26 229.10
2014 6 27 778.07
2014 6 28 780.17
2014 6 29 323.04
2014 6 30 241.27
2014 7 1 212.40
2014 7 2 220.26
2014 7 3 412.24
2014 7 4 276.18
2014 7 5 207.75
2014 7 6 220.15
2014 7 7 416.68
2014 7 8 272.17
2014 7 9 349.25
2014 7 10 867.70
2014 7 11 386.50
2014 7 12 264.69
2014 7 13 221.79
2014 7 14 322.97
2014 7 15 229.03
2014 7 16 154.14
2014 7 17 163.73
2014 7 18 146.31
2014 7 19 142.54
2014 7 20 154.86
2014 7 21 139.24
2014 7 22 130.45
2014 7 23 117.39
2014 7 24 105.64
2014 7 25 105.57
2014 7 26 99.03
2014 7 27 91.84
2014 7 28 96.66
2014 7 29 89.08
2014 7 30 105.89
2014 7 31 718.25
2014 8 1 854.85
2014 8 2 543.98
2014 8 3 476.59
2014 8 4 431.87
2014 8 5 474.99
2014 8 6 316.68
2014 8 7 276.57
2014 8 8 698.13
2014 8 9 1524.54
2014 8 10 545.31
2014 8 11 316.55
2014 8 12 260.44
2014 8 13 217.40
2014 8 14 203.23
2014 8 15 193.72
2014 8 16 223.19
2014 8 17 166.62
2014 8 18 153.11
2014 8 19 183.52
2014 8 20 140.43
2014 8 21 137.91
2014 8 22 125.62
2014 8 23 119.32
2014 8 24 125.01
2014 8 25 109.97
2014 8 26 121.42
2014 8 27 108.17
2014 8 28 104.94
2014 8 29 130.92
2014 8 30 217.77
2014 8 31 160.46
2014 9 1 172.73
2014 9 2 122.21
2014 9 3 126.72
2014 9 4 165.43
2014 9 5 139.27
2014 9 6 132.95
2014 9 7 128.02
2014 9 8 112.64
2014 9 9 104.01
2014 9 10 106.46
2014 9 11 94.26
2014 9 12 103.11
2014 9 13 116.54
2014 9 14 127.73
2014 9 15 112.07
2014 9 16 111.36
2014 9 17 100.11
2014 9 18 92.51
2014 9 19 228.48
2014 9 20 269.00
2014 9 21 205.70
2014 9 22 194.89
2014 9 23 152.93
2014 9 24 171.24
2014 9 25 170.10
2014 9 26 150.17
2014 9 27 134.18
2014 9 28 119.27
2014 9 29 103.48
2014 9 30 112.68
2014 10 1 110.03
2014 10 2 107.46
2014 10 3 116.45
2014 10 4 122.59
2014 10 5 215.64
2014 10 6 261.59
2014 10 7 136.40
2014 10 8 121.79
2014 10 9 125.12
2014 10 10 131.29
2014 10 11 139.55
2014 10 12 479.41
2014 10 13 867.22
2014 10 14 358.92
2014 10 15 213.52
2014 10 16 184.99
2014 10 17 159.50
2014 10 18 139.62
2014 10 19 125.52
2014 10 20 123.53
2014 10 21 120.52
2014 10 22 112.16
2014 10 23 89.33
2014 10 24 100.11
2014 10 25 95.37
2014 10 26 93.35
2014 10 27 92.32
2014 10 28 87.90
2014 10 29 89.87
2014 10 30 87.56
2014 10 31 87.81
2014 11 1 116.63
2014 11 2 98.39
2014 11 3 91.51
2014 11 4 77.41
2014 11 5 81.57
2014 11 6 73.68
2014 11 7 73.28
2014 11 8 76.30
2014 11 9 129.17
2014 11 10 115.93
2014 11 11 95.76
2014 11 12 88.13
2014 11 13 77.19
2014 11 14 73.95
2014 11 15 79.33
2014 11 16 77.23
2014 11 17 58.07
2014 11 18 86.10
2014 11 19 61.38
2014 11 20 64.78
2014 11 21 68.21
2014 11 22 80.81
2014 11 23 74.81
2014 11 24 65.27
2014 11 25 110.40
2014 11 26 83.91
2014 11 27 75.70
2014 11 28 63.54
2014 11 29 67.07
2014 11 30 86.62
2014 12 1 115.93
2014 12 2 57.94
2014 12 3 60.39
2014 12 4 56.88
2014 12 5 58.59
2014 12 6 54.86
2014 12 7 55.86
2014 12 8 52.80
2014 12 9 50.75
2014 12 10 55.45
2014 12 11 56.87
2014 12 12 56.33
2014 12 13 52.52
2014 12 14 56.12
2014 12 15 58.19
2014 12 16 73.03
2014 12 17 64.52
2014 12 18 65.94
2014 12 19 60.35
2014 12 20 76.45
2014 12 21 70.03
2014 12 22 57.48
2014 12 23 61.76
2014 12 24 60.98
2014 12 25 61.66
2014 12 26 55.35
2014 12 27 56.37
2014 12 28 61.34
2014 12 29 53.52
2014 12 30 56.72
2014 12 31 58.09
