2014 1 1 31.72
2014 1 2 30.28
2014 1 3 31.20
2014 1 4 29.65
2014 1 5 28.48
2014 1 6 29.02
2014 1 7 28.25
2014 1 8 34.45
2014 1 9 39.88
2014 1 10 33.43
2014 1 11 29.41
2014 1 12 29.27
2014 1 13 28.75
2014 1 14 28.26
2014 1 15 27.77
2014 1 16 27.67
2014 1 17 27.06
2014 1 18 26.76
2014 1 19 26.64
2014 1 20 25.49
2014 1 21 26.01
2014 1 22 26.03
2014 1 23 25.52
2014 1 24 25.29
2014 1 25 26.64
2014 1 26 31.54
2014 1 27 28.76
2014 1 28 26.79
2014 1 29 25.96
2014 1 30 45.52
2014 1 31 50.25
2014 2 1 33.15
2014 2 2 87.41
2014 2 3 62.65
2014 2 4 45.23
2014 2 5 37.84
2014 2 6 38.14
2014 2 7 46.41
2014 2 8 72.88
2014 2 9 62.48
2014 2 10 49.37
2014 2 11 49.75
2014 2 12 44.30
2014 2 13 44.48
2014 2 14 56.37
2014 2 15 54.87
2014 2 16 44.55
2014 2 17 42.52
2014 2 18 46.30
2014 2 19 68.59
2014 2 20 61.34
2014 2 21 49.92
2014 2 22 45.35
2014 2 23 41.51
2014 2 24 39.49
2014 2 25 38.84
2014 2 26 37.26
2014 2 27 97.50
2014 2 28 64.01
2014 3 1 56.93
2014 3 2 66.12
2014 3 3 59.94
2014 3 4 47.69
2014 3 5 74.82
2014 3 6 65.24
2014 3 7 49.64
2014 3 8 47.10
2014 3 9 45.10
2014 3 10 43.96
2014 3 11 38.99
2014 3 12 39.53
2014 3 13 87.58
2014 3 14 86.52
2014 3 15 57.57
2014 3 16 44.54
2014 3 17 34.90
2014 3 18 45.35
2014 3 19 41.93
2014 3 20 56.29
2014 3 21 45.32
2014 3 22 40.09
2014 3 23 35.53
2014 3 24 34.78
2014 3 25 34.60
2014 3 26 37.88
2014 3 27 39.30
2014 3 28 38.09
2014 3 29 59.90
2014 3 30 196.10
2014 3 31 119.34
2014 4 1 80.21
2014 4 2 64.33
2014 4 3 61.57
2014 4 4 52.35
2014 4 5 54.87
2014 4 6 40.49
2014 4 7 43.45
2014 4 8 36.47
2014 4 9 38.26
2014 4 10 34.92
2014 4 11 36.79
2014 4 12 32.97
2014 4 13 94.08
2014 4 14 61.22
2014 4 15 46.19
2014 4 16 41.29
2014 4 17 41.98
2014 4 18 99.62
2014 4 19 69.33
2014 4 20 66.90
2014 4 21 72.83
2014 4 22 66.87
2014 4 23 44.23
2014 4 24 44.58
2014 4 25 40.63
2014 4 26 38.42
2014 4 27 42.51
2014 4 28 39.01
2014 4 29 44.28
2014 4 30 45.01
2014 5 1 36.92
2014 5 2 35.65
2014 5 3 33.68
2014 5 4 32.56
2014 5 5 33.21
2014 5 6 31.55
2014 5 7 33.46
2014 5 8 30.89
2014 5 9 29.78
2014 5 10 29.50
2014 5 11 30.47
2014 5 12 78.35
2014 5 13 88.97
2014 5 14 142.25
2014 5 15 194.22
2014 5 16 92.09
2014 5 17 68.42
2014 5 18 57.46
2014 5 19 53.29
2014 5 20 91.19
2014 5 21 133.58
2014 5 22 74.99
2014 5 23 59.84
2014 5 24 49.87
2014 5 25 58.83
2014 5 26 139.08
2014 5 27 94.93
2014 5 28 62.82
2014 5 29 65.05
2014 5 30 47.59
2014 5 31 44.09
2014 6 1 44.52
2014 6 2 50.34
2014 6 3 82.86
2014 6 4 117.79
2014 6 5 170.93
2014 6 6 97.85
2014 6 7 76.68
2014 6 8 63.28
2014 6 9 82.13
2014 6 10 76.57
2014 6 11 49.67
2014 6 12 49.80
2014 6 13 42.09
2014 6 14 36.57
2014 6 15 35.04
2014 6 16 34.78
2014 6 17 82.00
2014 6 18 156.62
2014 6 19 89.43
2014 6 20 63.36
2014 6 21 482.86
2014 6 22 600.81
2014 6 23 298.70
2014 6 24 163.84
2014 6 25 99.83
2014 6 26 119.25
2014 6 27 759.97
2014 6 28 489.87
2014 6 29 212.43
2014 6 30 119.70
2014 7 1 103.18
2014 7 2 132.65
2014 7 3 267.23
2014 7 4 179.36
2014 7 5 113.63
2014 7 6 464.85
2014 7 7 1152.44
2014 7 8 304.07
2014 7 9 321.50
2014 7 10 909.36
2014 7 11 351.26
2014 7 12 195.65
2014 7 13 170.11
2014 7 14 223.96
2014 7 15 164.58
2014 7 16 113.10
2014 7 17 104.86
2014 7 18 87.81
2014 7 19 79.70
2014 7 20 69.72
2014 7 21 70.72
2014 7 22 69.88
2014 7 23 62.41
2014 7 24 74.42
2014 7 25 67.90
2014 7 26 59.40
2014 7 27 47.68
2014 7 28 51.73
2014 7 29 49.34
2014 7 30 50.14
2014 7 31 139.36
2014 8 1 423.27
2014 8 2 334.99
2014 8 3 188.42
2014 8 4 228.55
2014 8 5 392.47
2014 8 6 307.22
2014 8 7 185.11
2014 8 8 175.29
2014 8 9 198.55
2014 8 10 152.75
2014 8 11 103.71
2014 8 12 88.50
2014 8 13 87.05
2014 8 14 82.93
2014 8 15 102.04
2014 8 16 109.78
2014 8 17 81.56
2014 8 18 112.63
2014 8 19 131.73
2014 8 20 143.91
2014 8 21 98.63
2014 8 22 93.29
2014 8 23 62.37
2014 8 24 60.95
2014 8 25 70.90
2014 8 26 85.01
2014 8 27 76.16
2014 8 28 56.68
2014 8 29 84.92
2014 8 30 152.19
2014 8 31 62.56
2014 9 1 73.44
2014 9 2 78.09
2014 9 3 78.08
2014 9 4 290.03
2014 9 5 181.87
2014 9 6 118.66
2014 9 7 108.56
2014 9 8 126.69
2014 9 9 103.75
2014 9 10 80.49
2014 9 11 77.04
2014 9 12 64.30
2014 9 13 55.89
2014 9 14 51.33
2014 9 15 68.95
2014 9 16 78.75
2014 9 17 71.15
2014 9 18 70.89
2014 9 19 135.47
2014 9 20 184.82
2014 9 21 109.35
2014 9 22 108.36
2014 9 23 100.04
2014 9 24 131.60
2014 9 25 145.45
2014 9 26 95.29
2014 9 27 86.03
2014 9 28 55.57
2014 9 29 75.28
2014 9 30 67.87
2014 10 1 74.31
2014 10 2 74.50
2014 10 3 77.19
2014 10 4 73.75
2014 10 5 82.89
2014 10 6 80.11
2014 10 7 70.06
2014 10 8 63.25
2014 10 9 61.02
2014 10 10 58.61
2014 10 11 55.90
2014 10 12 65.77
2014 10 13 210.89
2014 10 14 135.75
2014 10 15 75.47
2014 10 16 59.01
2014 10 17 53.97
2014 10 18 51.58
2014 10 19 48.86
2014 10 20 47.51
2014 10 21 45.79
2014 10 22 54.63
2014 10 23 47.57
2014 10 24 45.03
2014 10 25 43.03
2014 10 26 41.68
2014 10 27 40.80
2014 10 28 39.81
2014 10 29 39.74
2014 10 30 38.83
2014 10 31 38.68
2014 11 1 58.31
2014 11 2 52.51
2014 11 3 40.42
2014 11 4 39.04
2014 11 5 39.28
2014 11 6 36.29
2014 11 7 37.21
2014 11 8 37.11
2014 11 9 62.60
2014 11 10 51.68
2014 11 11 41.09
2014 11 12 39.39
2014 11 13 37.42
2014 11 14 34.98
2014 11 15 34.52
2014 11 16 33.94
2014 11 17 32.18
2014 11 18 34.08
2014 11 19 32.57
2014 11 20 33.24
2014 11 21 33.86
2014 11 22 34.14
2014 11 23 34.14
2014 11 24 32.84
2014 11 25 106.04
2014 11 26 75.41
2014 11 27 45.40
2014 11 28 40.99
2014 11 29 40.88
2014 11 30 50.27
2014 12 1 79.92
2014 12 2 56.58
2014 12 3 44.80
2014 12 4 51.42
2014 12 5 53.80
2014 12 6 53.41
2014 12 7 51.08
2014 12 8 45.40
2014 12 9 42.84
2014 12 10 42.56
2014 12 11 42.45
2014 12 12 40.07
2014 12 13 39.64
2014 12 14 38.73
2014 12 15 38.57
2014 12 16 44.10
2014 12 17 56.14
2014 12 18 54.13
2014 12 19 44.43
2014 12 20 78.03
2014 12 21 74.84
2014 12 22 64.01
2014 12 23 51.04
2014 12 24 46.97
2014 12 25 46.03
2014 12 26 41.30
2014 12 27 39.90
2014 12 28 38.42
2014 12 29 38.42
2014 12 30 37.54
2014 12 31 35.50
