2014 1 1 47.59
2014 1 2 47.90
2014 1 3 46.82
2014 1 4 46.07
2014 1 5 45.92
2014 1 6 47.09
2014 1 7 45.99
2014 1 8 63.96
2014 1 9 67.77
2014 1 10 49.09
2014 1 11 46.82
2014 1 12 45.92
2014 1 13 45.92
2014 1 14 46.60
2014 1 15 46.17
2014 1 16 46.29
2014 1 17 46.40
2014 1 18 45.38
2014 1 19 44.40
2014 1 20 44.08
2014 1 21 46.13
2014 1 22 46.35
2014 1 23 45.50
2014 1 24 45.10
2014 1 25 47.62
2014 1 26 47.97
2014 1 27 44.36
2014 1 28 44.32
2014 1 29 44.76
2014 1 30 60.43
2014 1 31 45.48
2014 2 1 46.67
2014 2 2 63.49
2014 2 3 46.00
2014 2 4 42.19
2014 2 5 44.49
2014 2 6 48.31
2014 2 7 50.04
2014 2 8 75.79
2014 2 9 61.29
2014 2 10 46.99
2014 2 11 46.09
2014 2 12 49.69
2014 2 13 51.74
2014 2 14 63.78
2014 2 15 55.18
2014 2 16 55.59
2014 2 17 61.47
2014 2 18 93.06
2014 2 19 73.68
2014 2 20 63.73
2014 2 21 60.35
2014 2 22 56.63
2014 2 23 53.77
2014 2 24 52.90
2014 2 25 52.11
2014 2 26 62.31
2014 2 27 85.19
2014 2 28 84.52
2014 3 1 85.05
2014 3 2 89.63
2014 3 3 85.90
2014 3 4 82.95
2014 3 5 80.57
2014 3 6 77.66
2014 3 7 74.88
2014 3 8 70.00
2014 3 9 63.85
2014 3 10 59.55
2014 3 11 51.81
2014 3 12 47.53
2014 3 13 92.98
2014 3 14 75.88
2014 3 15 58.74
2014 3 16 53.62
2014 3 17 49.64
2014 3 18 51.05
2014 3 19 49.77
2014 3 20 47.95
2014 3 21 63.61
2014 3 22 60.64
2014 3 23 51.79
2014 3 24 48.99
2014 3 25 50.01
2014 3 26 109.16
2014 3 27 124.22
2014 3 28 93.92
2014 3 29 116.80
2014 3 30 343.55
2014 3 31 197.99
2014 4 1 129.14
2014 4 2 107.07
2014 4 3 96.25
2014 4 4 97.15
2014 4 5 91.78
2014 4 6 114.26
2014 4 7 94.56
2014 4 8 82.32
2014 4 9 75.74
2014 4 10 68.03
2014 4 11 62.05
2014 4 12 58.10
2014 4 13 87.66
2014 4 14 101.26
2014 4 15 78.51
2014 4 16 70.70
2014 4 17 70.28
2014 4 18 86.26
2014 4 19 72.13
2014 4 20 73.43
2014 4 21 73.27
2014 4 22 71.64
2014 4 23 67.33
2014 4 24 61.65
2014 4 25 55.01
2014 4 26 52.65
2014 4 27 55.29
2014 4 28 57.38
2014 4 29 61.67
2014 4 30 58.57
2014 5 1 58.14
2014 5 2 54.18
2014 5 3 51.78
2014 5 4 50.61
2014 5 5 49.90
2014 5 6 49.02
2014 5 7 50.79
2014 5 8 54.20
2014 5 9 54.43
2014 5 10 51.64
2014 5 11 52.48
2014 5 12 136.02
2014 5 13 105.90
2014 5 14 85.40
2014 5 15 106.67
2014 5 16 83.42
2014 5 17 72.25
2014 5 18 65.42
2014 5 19 58.91
2014 5 20 95.63
2014 5 21 136.57
2014 5 22 93.30
2014 5 23 74.57
2014 5 24 65.24
2014 5 25 58.66
2014 5 26 62.02
2014 5 27 58.04
2014 5 28 53.75
2014 5 29 51.62
2014 5 30 50.87
2014 5 31 49.23
2014 6 1 48.34
2014 6 2 49.23
2014 6 3 53.59
2014 6 4 94.72
2014 6 5 100.37
2014 6 6 58.98
2014 6 7 52.90
2014 6 8 50.29
2014 6 9 48.85
2014 6 10 48.45
2014 6 11 43.98
2014 6 12 42.31
2014 6 13 38.53
2014 6 14 37.80
2014 6 15 38.77
2014 6 16 36.02
2014 6 17 43.67
2014 6 18 145.66
2014 6 19 113.92
2014 6 20 50.81
2014 6 21 83.88
2014 6 22 411.05
2014 6 23 180.28
2014 6 24 116.72
2014 6 25 80.07
2014 6 26 74.69
2014 6 27 94.14
2014 6 28 104.54
2014 6 29 66.28
2014 6 30 55.34
2014 7 1 53.40
2014 7 2 56.26
2014 7 3 1036.16
2014 7 4 432.50
2014 7 5 196.57
2014 7 6 378.98
2014 7 7 1160.43
2014 7 8 425.18
2014 7 9 259.15
2014 7 10 241.49
2014 7 11 156.80
2014 7 12 136.04
2014 7 13 455.76
2014 7 14 259.26
2014 7 15 267.69
2014 7 16 268.40
2014 7 17 176.44
2014 7 18 132.38
2014 7 19 110.68
2014 7 20 124.44
2014 7 21 101.22
2014 7 22 85.08
2014 7 23 79.15
2014 7 24 75.64
2014 7 25 75.49
2014 7 26 67.31
2014 7 27 70.30
2014 7 28 63.14
2014 7 29 59.91
2014 7 30 85.66
2014 7 31 75.02
2014 8 1 61.51
2014 8 2 67.63
2014 8 3 93.47
2014 8 4 158.06
2014 8 5 498.78
2014 8 6 303.31
2014 8 7 219.45
2014 8 8 132.66
2014 8 9 140.44
2014 8 10 178.22
2014 8 11 133.63
2014 8 12 92.78
2014 8 13 76.09
2014 8 14 80.38
2014 8 15 219.09
2014 8 16 153.38
2014 8 17 113.64
2014 8 18 98.51
2014 8 19 177.56
2014 8 20 271.07
2014 8 21 113.74
2014 8 22 562.25
2014 8 23 273.46
2014 8 24 213.61
2014 8 25 147.76
2014 8 26 135.68
2014 8 27 107.63
2014 8 28 103.76
2014 8 29 201.61
2014 8 30 183.59
2014 8 31 121.17
2014 9 1 119.14
2014 9 2 105.33
2014 9 3 148.46
2014 9 4 524.69
2014 9 5 262.21
2014 9 6 179.29
2014 9 7 148.58
2014 9 8 117.66
2014 9 9 97.65
2014 9 10 84.22
2014 9 11 84.00
2014 9 12 78.30
2014 9 13 69.20
2014 9 14 66.65
2014 9 15 66.73
2014 9 16 63.00
2014 9 17 60.37
2014 9 18 58.64
2014 9 19 66.21
2014 9 20 102.94
2014 9 21 77.92
2014 9 22 67.43
2014 9 23 63.68
2014 9 24 78.37
2014 9 25 87.46
2014 9 26 68.83
2014 9 27 63.58
2014 9 28 58.06
2014 9 29 53.79
2014 9 30 54.92
2014 10 1 57.90
2014 10 2 71.69
2014 10 3 54.25
2014 10 4 51.72
2014 10 5 53.87
2014 10 6 61.21
2014 10 7 56.60
2014 10 8 60.13
2014 10 9 52.35
2014 10 10 50.44
2014 10 11 51.86
2014 10 12 51.97
2014 10 13 226.39
2014 10 14 179.47
2014 10 15 100.53
2014 10 16 74.17
2014 10 17 66.02
2014 10 18 62.23
2014 10 19 60.52
2014 10 20 56.14
2014 10 21 60.70
2014 10 22 90.35
2014 10 23 64.16
2014 10 24 56.75
2014 10 25 55.84
2014 10 26 53.33
2014 10 27 53.56
2014 10 28 51.37
2014 10 29 49.48
2014 10 30 49.38
2014 10 31 49.98
2014 11 1 54.39
2014 11 2 53.10
2014 11 3 50.56
2014 11 4 49.41
2014 11 5 49.12
2014 11 6 49.25
2014 11 7 47.81
2014 11 8 47.71
2014 11 9 71.19
2014 11 10 58.92
2014 11 11 50.15
2014 11 12 48.20
2014 11 13 47.65
2014 11 14 47.62
2014 11 15 46.88
2014 11 16 46.57
2014 11 17 47.00
2014 11 18 45.81
2014 11 19 44.83
2014 11 20 44.39
2014 11 21 44.19
2014 11 22 44.26
2014 11 23 44.26
2014 11 24 44.22
2014 11 25 102.46
2014 11 26 62.10
2014 11 27 52.55
2014 11 28 48.95
2014 11 29 52.45
2014 11 30 71.73
2014 12 1 75.93
2014 12 2 59.43
2014 12 3 51.91
2014 12 4 63.11
2014 12 5 63.81
2014 12 6 54.70
2014 12 7 52.84
2014 12 8 50.16
2014 12 9 49.96
2014 12 10 48.52
2014 12 11 61.69
2014 12 12 55.45
2014 12 13 50.70
2014 12 14 48.92
2014 12 15 48.40
2014 12 16 57.22
2014 12 17 56.23
2014 12 18 50.58
2014 12 19 48.69
2014 12 20 86.71
2014 12 21 77.06
2014 12 22 63.77
2014 12 23 57.14
2014 12 24 53.95
2014 12 25 52.78
2014 12 26 49.09
2014 12 27 48.43
2014 12 28 48.48
2014 12 29 48.46
2014 12 30 47.71
2014 12 31 47.48
