1986	1	1	-9999
1986	1	2	-9999
1986	1	3	-9999
1986	1	4	-9999
1986	1	5	-9999
1986	1	6	-9999
1986	1	7	-9999
1986	1	8	-9999
1986	1	9	-9999
1986	1	10	-9999
1986	1	11	-9999
1986	1	12	-9999
1986	1	13	-9999
1986	1	14	-9999
1986	1	15	-9999
1986	1	16	-9999
1986	1	17	-9999
1986	1	18	-9999
1986	1	19	-9999
1986	1	20	-9999
1986	1	21	-9999
1986	1	22	-9999
1986	1	23	-9999
1986	1	24	-9999
1986	1	25	-9999
1986	1	26	-9999
1986	1	27	-9999
1986	1	28	-9999
1986	1	29	-9999
1986	1	30	-9999
1986	1	31	-9999
1986	2	1	-9999
1986	2	2	-9999
1986	2	3	-9999
1986	2	4	-9999
1986	2	5	-9999
1986	2	6	-9999
1986	2	7	-9999
1986	2	8	-9999
1986	2	9	-9999
1986	2	10	-9999
1986	2	11	-9999
1986	2	12	-9999
1986	2	13	-9999
1986	2	14	-9999
1986	2	15	-9999
1986	2	16	-9999
1986	2	17	-9999
1986	2	18	-9999
1986	2	19	-9999
1986	2	20	-9999
1986	2	21	-9999
1986	2	22	-9999
1986	2	23	-9999
1986	2	24	-9999
1986	2	25	-9999
1986	2	26	-9999
1986	2	27	-9999
1986	2	28	-9999
1986	3	1	-9999
1986	3	2	-9999
1986	3	3	-9999
1986	3	4	-9999
1986	3	5	-9999
1986	3	6	-9999
1986	3	7	-9999
1986	3	8	-9999
1986	3	9	-9999
1986	3	10	-9999
1986	3	11	-9999
1986	3	12	-9999
1986	3	13	-9999
1986	3	14	-9999
1986	3	15	-9999
1986	3	16	-9999
1986	3	17	-9999
1986	3	18	-9999
1986	3	19	-9999
1986	3	20	-9999
1986	3	21	-9999
1986	3	22	-9999
1986	3	23	-9999
1986	3	24	-9999
1986	3	25	-9999
1986	3	26	-9999
1986	3	27	-9999
1986	3	28	-9999
1986	3	29	-9999
1986	3	30	-9999
1986	3	31	-9999
1986	4	1	-9999
1986	4	2	-9999
1986	4	3	-9999
1986	4	4	-9999
1986	4	5	-9999
1986	4	6	-9999
1986	4	7	-9999
1986	4	8	-9999
1986	4	9	-9999
1986	4	10	-9999
1986	4	11	-9999
1986	4	12	-9999
1986	4	13	-9999
1986	4	14	-9999
1986	4	15	-9999
1986	4	16	-9999
1986	4	17	-9999
1986	4	18	-9999
1986	4	19	-9999
1986	4	20	-9999
1986	4	21	-9999
1986	4	22	-9999
1986	4	23	-9999
1986	4	24	-9999
1986	4	25	-9999
1986	4	26	-9999
1986	4	27	-9999
1986	4	28	-9999
1986	4	29	-9999
1986	4	30	-9999
1986	5	1	-9999
1986	5	2	-9999
1986	5	3	-9999
1986	5	4	-9999
1986	5	5	-9999
1986	5	6	-9999
1986	5	7	-9999
1986	5	8	-9999
1986	5	9	-9999
1986	5	10	-9999
1986	5	11	-9999
1986	5	12	-9999
1986	5	13	-9999
1986	5	14	-9999
1986	5	15	-9999
1986	5	16	-9999
1986	5	17	-9999
1986	5	18	-9999
1986	5	19	-9999
1986	5	20	-9999
1986	5	21	-9999
1986	5	22	-9999
1986	5	23	-9999
1986	5	24	-9999
1986	5	25	-9999
1986	5	26	-9999
1986	5	27	-9999
1986	5	28	-9999
1986	5	29	-9999
1986	5	30	-9999
1986	5	31	-9999
1986	6	1	-9999
1986	6	2	-9999
1986	6	3	-9999
1986	6	4	-9999
1986	6	5	-9999
1986	6	6	-9999
1986	6	7	-9999
1986	6	8	-9999
1986	6	9	-9999
1986	6	10	-9999
1986	6	11	-9999
1986	6	12	-9999
1986	6	13	-9999
1986	6	14	-9999
1986	6	15	-9999
1986	6	16	-9999
1986	6	17	-9999
1986	6	18	-9999
1986	6	19	-9999
1986	6	20	-9999
1986	6	21	-9999
1986	6	22	-9999
1986	6	23	-9999
1986	6	24	-9999
1986	6	25	-9999
1986	6	26	-9999
1986	6	27	-9999
1986	6	28	-9999
1986	6	29	-9999
1986	6	30	-9999
1986	7	1	-9999
1986	7	2	-9999
1986	7	3	-9999
1986	7	4	-9999
1986	7	5	-9999
1986	7	6	-9999
1986	7	7	-9999
1986	7	8	-9999
1986	7	9	-9999
1986	7	10	-9999
1986	7	11	-9999
1986	7	12	-9999
1986	7	13	-9999
1986	7	14	-9999
1986	7	15	-9999
1986	7	16	-9999
1986	7	17	-9999
1986	7	18	-9999
1986	7	19	-9999
1986	7	20	-9999
1986	7	21	-9999
1986	7	22	-9999
1986	7	23	-9999
1986	7	24	-9999
1986	7	25	-9999
1986	7	26	-9999
1986	7	27	-9999
1986	7	28	-9999
1986	7	29	-9999
1986	7	30	-9999
1986	7	31	-9999
1986	8	1	-9999
1986	8	2	-9999
1986	8	3	-9999
1986	8	4	-9999
1986	8	5	-9999
1986	8	6	-9999
1986	8	7	-9999
1986	8	8	-9999
1986	8	9	-9999
1986	8	10	-9999
1986	8	11	-9999
1986	8	12	-9999
1986	8	13	-9999
1986	8	14	-9999
1986	8	15	-9999
1986	8	16	-9999
1986	8	17	-9999
1986	8	18	-9999
1986	8	19	-9999
1986	8	20	-9999
1986	8	21	-9999
1986	8	22	-9999
1986	8	23	-9999
1986	8	24	-9999
1986	8	25	-9999
1986	8	26	-9999
1986	8	27	-9999
1986	8	28	-9999
1986	8	29	-9999
1986	8	30	-9999
1986	8	31	-9999
1986	9	1	-9999
1986	9	2	-9999
1986	9	3	-9999
1986	9	4	-9999
1986	9	5	-9999
1986	9	6	-9999
1986	9	7	-9999
1986	9	8	-9999
1986	9	9	-9999
1986	9	10	-9999
1986	9	11	-9999
1986	9	12	-9999
1986	9	13	-9999
1986	9	14	-9999
1986	9	15	-9999
1986	9	16	-9999
1986	9	17	-9999
1986	9	18	-9999
1986	9	19	-9999
1986	9	20	-9999
1986	9	21	-9999
1986	9	22	-9999
1986	9	23	-9999
1986	9	24	-9999
1986	9	25	-9999
1986	9	26	-9999
1986	9	27	-9999
1986	9	28	-9999
1986	9	29	-9999
1986	9	30	-9999
1986	10	1	-9999
1986	10	2	-9999
1986	10	3	-9999
1986	10	4	-9999
1986	10	5	-9999
1986	10	6	-9999
1986	10	7	-9999
1986	10	8	-9999
1986	10	9	-9999
1986	10	10	-9999
1986	10	11	-9999
1986	10	12	-9999
1986	10	13	-9999
1986	10	14	-9999
1986	10	15	-9999
1986	10	16	-9999
1986	10	17	-9999
1986	10	18	-9999
1986	10	19	-9999
1986	10	20	-9999
1986	10	21	-9999
1986	10	22	-9999
1986	10	23	-9999
1986	10	24	-9999
1986	10	25	-9999
1986	10	26	-9999
1986	10	27	-9999
1986	10	28	-9999
1986	10	29	-9999
1986	10	30	-9999
1986	10	31	-9999
1986	11	1	-9999
1986	11	2	-9999
1986	11	3	-9999
1986	11	4	-9999
1986	11	5	-9999
1986	11	6	-9999
1986	11	7	-9999
1986	11	8	-9999
1986	11	9	-9999
1986	11	10	-9999
1986	11	11	-9999
1986	11	12	-9999
1986	11	13	-9999
1986	11	14	-9999
1986	11	15	-9999
1986	11	16	-9999
1986	11	17	-9999
1986	11	18	-9999
1986	11	19	-9999
1986	11	20	-9999
1986	11	21	-9999
1986	11	22	-9999
1986	11	23	-9999
1986	11	24	-9999
1986	11	25	-9999
1986	11	26	-9999
1986	11	27	-9999
1986	11	28	-9999
1986	11	29	-9999
1986	11	30	-9999
1986	12	1	-9999
1986	12	2	-9999
1986	12	3	-9999
1986	12	4	-9999
1986	12	5	-9999
1986	12	6	-9999
1986	12	7	-9999
1986	12	8	-9999
1986	12	9	-9999
1986	12	10	-9999
1986	12	11	-9999
1986	12	12	-9999
1986	12	13	-9999
1986	12	14	-9999
1986	12	15	-9999
1986	12	16	-9999
1986	12	17	-9999
1986	12	18	-9999
1986	12	19	-9999
1986	12	20	-9999
1986	12	21	-9999
1986	12	22	-9999
1986	12	23	-9999
1986	12	24	-9999
1986	12	25	-9999
1986	12	26	-9999
1986	12	27	-9999
1986	12	28	-9999
1986	12	29	-9999
1986	12	30	-9999
1986	12	31	-9999
1987	1	1	-9999
1987	1	2	-9999
1987	1	3	-9999
1987	1	4	-9999
1987	1	5	-9999
1987	1	6	-9999
1987	1	7	-9999
1987	1	8	-9999
1987	1	9	-9999
1987	1	10	-9999
1987	1	11	-9999
1987	1	12	-9999
1987	1	13	-9999
1987	1	14	-9999
1987	1	15	-9999
1987	1	16	-9999
1987	1	17	-9999
1987	1	18	-9999
1987	1	19	-9999
1987	1	20	-9999
1987	1	21	-9999
1987	1	22	-9999
1987	1	23	-9999
1987	1	24	-9999
1987	1	25	-9999
1987	1	26	-9999
1987	1	27	-9999
1987	1	28	-9999
1987	1	29	-9999
1987	1	30	-9999
1987	1	31	-9999
1987	2	1	-9999
1987	2	2	-9999
1987	2	3	-9999
1987	2	4	-9999
1987	2	5	-9999
1987	2	6	-9999
1987	2	7	-9999
1987	2	8	-9999
1987	2	9	-9999
1987	2	10	-9999
1987	2	11	-9999
1987	2	12	-9999
1987	2	13	-9999
1987	2	14	-9999
1987	2	15	-9999
1987	2	16	-9999
1987	2	17	-9999
1987	2	18	-9999
1987	2	19	-9999
1987	2	20	-9999
1987	2	21	-9999
1987	2	22	-9999
1987	2	23	-9999
1987	2	24	-9999
1987	2	25	-9999
1987	2	26	-9999
1987	2	27	-9999
1987	2	28	-9999
1987	3	1	-9999
1987	3	2	-9999
1987	3	3	-9999
1987	3	4	-9999
1987	3	5	-9999
1987	3	6	-9999
1987	3	7	-9999
1987	3	8	-9999
1987	3	9	-9999
1987	3	10	-9999
1987	3	11	-9999
1987	3	12	-9999
1987	3	13	-9999
1987	3	14	-9999
1987	3	15	-9999
1987	3	16	-9999
1987	3	17	-9999
1987	3	18	-9999
1987	3	19	-9999
1987	3	20	-9999
1987	3	21	-9999
1987	3	22	-9999
1987	3	23	-9999
1987	3	24	-9999
1987	3	25	-9999
1987	3	26	-9999
1987	3	27	-9999
1987	3	28	-9999
1987	3	29	-9999
1987	3	30	-9999
1987	3	31	-9999
1987	4	1	-9999
1987	4	2	-9999
1987	4	3	-9999
1987	4	4	-9999
1987	4	5	-9999
1987	4	6	-9999
1987	4	7	-9999
1987	4	8	-9999
1987	4	9	-9999
1987	4	10	-9999
1987	4	11	-9999
1987	4	12	-9999
1987	4	13	-9999
1987	4	14	-9999
1987	4	15	-9999
1987	4	16	-9999
1987	4	17	-9999
1987	4	18	-9999
1987	4	19	-9999
1987	4	20	-9999
1987	4	21	-9999
1987	4	22	-9999
1987	4	23	-9999
1987	4	24	-9999
1987	4	25	-9999
1987	4	26	-9999
1987	4	27	-9999
1987	4	28	-9999
1987	4	29	-9999
1987	4	30	-9999
1987	5	1	-9999
1987	5	2	-9999
1987	5	3	-9999
1987	5	4	-9999
1987	5	5	-9999
1987	5	6	-9999
1987	5	7	-9999
1987	5	8	-9999
1987	5	9	-9999
1987	5	10	-9999
1987	5	11	-9999
1987	5	12	-9999
1987	5	13	-9999
1987	5	14	-9999
1987	5	15	-9999
1987	5	16	-9999
1987	5	17	-9999
1987	5	18	-9999
1987	5	19	-9999
1987	5	20	-9999
1987	5	21	-9999
1987	5	22	-9999
1987	5	23	-9999
1987	5	24	-9999
1987	5	25	-9999
1987	5	26	-9999
1987	5	27	-9999
1987	5	28	-9999
1987	5	29	-9999
1987	5	30	-9999
1987	5	31	-9999
1987	6	1	38.77393466
1987	6	2	323.4554872
1987	6	3	-9999
1987	6	4	-9999
1987	6	5	-9999
1987	6	6	-9999
1987	6	7	445.0986958
1987	6	8	941.3052563
1987	6	9	-9999
1987	6	10	-9999
1987	6	11	-9999
1987	6	12	1152.845422
1987	6	13	-9999
1987	6	14	-9999
1987	6	15	325.7541552
1987	6	16	337.3276815
1987	6	17	263.9393842
1987	6	18	203.1572241
1987	6	19	155.3747247
1987	6	20	240.0648245
1987	6	21	266.456932
1987	6	22	248.3846332
1987	6	23	252.5020486
1987	6	24	283.1724938
1987	6	25	285.4802076
1987	6	26	-9999
1987	6	27	-9999
1987	6	28	-9999
1987	6	29	-9999
1987	6	30	193.1056343
1987	7	1	248.435963
1987	7	2	116.3150064
1987	7	3	248.8467269
1987	7	4	278.4690358
1987	7	5	291.6822686
1987	7	6	270.5119274
1987	7	7	350.3552552
1987	7	8	460.805403
1987	7	9	260.282121
1987	7	10	255.6565465
1987	7	11	204.2630279
1987	7	12	397.512427
1987	7	13	542.1110365
1987	7	14	804.0890327
1987	7	15	831.3871805
1987	7	16	5259.985885
1987	7	17	6240.196868
1987	7	18	5645.25973
1987	7	19	3799.741585
1987	7	20	2129.132933
1987	7	21	938.5983114
1987	7	22	478.9198868
1987	7	23	616.2638698
1987	7	24	3106.016605
1987	7	25	4983.264032
1987	7	26	4059.425903
1987	7	27	3161.564801
1987	7	28	2364.696221
1987	7	29	2024.178778
1987	7	30	1480.99692
1987	7	31	899.088746
1987	8	1	699.1107964
1987	8	2	494.9418083
1987	8	3	379.6652254
1987	8	4	343.3641047
1987	8	5	1421.278144
1987	8	6	2773.039177
1987	8	7	2938.203467
1987	8	8	2611.169725
1987	8	9	2089.73859
1987	8	10	1824.748203
1987	8	11	1548.180203
1987	8	12	1372.195838
1987	8	13	1027.466831
1987	8	14	785.4826523
1987	8	15	732.4394819
1987	8	16	958.8827904
1987	8	17	1684.108711
1987	8	18	2213.396425
1987	8	19	1550.809039
1987	8	20	953.9182713
1987	8	21	872.7772947
1987	8	22	1957.283511
1987	8	23	2680.502505
1987	8	24	2167.405641
1987	8	25	1361.656039
1987	8	26	950.8797057
1987	8	27	785.2575483
1987	8	28	676.9873311
1987	8	29	763.5239293
1987	8	30	1276.371944
1987	8	31	4434.622312
1987	9	1	6975.794104
1987	9	2	6538.764867
1987	9	3	5470.277251
1987	9	4	3182.374798
1987	9	5	1699.185305
1987	9	6	1101.787919
1987	9	7	1017.480305
1987	9	8	1029.599263
1987	9	9	875.186856
1987	9	10	707.5036477
1987	9	11	625.499058
1987	9	12	577.7443075
1987	9	13	507.6890084
1987	9	14	439.1390149
1987	9	15	415.9321333
1987	9	16	332.9649319
1987	9	17	295.7507123
1987	9	18	332.9649319
1987	9	19	365.9333955
1987	9	20	373.1306093
1987	9	21	352.7727792
1987	9	22	323.5674927
1987	9	23	358.0295199
1987	9	24	319.4318191
1987	9	25	335.5123162
1987	9	26	323.2315145
1987	9	27	281.4056526
1987	9	28	155.6826104
1987	9	29	219.9503573
1987	9	30	211.0851855
1987	10	1	217.5876646
1987	10	2	218.7679588
1987	10	3	259.3444059
1987	10	4	288.3870037
1987	10	5	292.2778098
1987	10	6	324.2958404
1987	10	7	329.1840456
1987	10	8	339.0325185
1987	10	9	319.8780725
1987	10	10	275.4363749
1987	10	11	230.6860025
1987	10	12	215.5762075
1987	10	13	196.7067123
1987	10	14	170.7403892
1987	10	15	207.3020879
1987	10	16	176.8539723
1987	10	17	248.0254229
1987	10	18	326.0348477
1987	10	19	304.6566303
1987	10	20	296.2945746
1987	10	21	320.5478377
1987	10	22	201.4303808
1987	10	23	103.3382106
1987	10	24	-9999
1987	10	25	-9999
1987	10	26	-9999
1987	10	27	-9999
1987	10	28	-9999
1987	10	29	-9999
1987	10	30	-9999
1987	10	31	-9999
1987	11	1	-9999
1987	11	2	-9999
1987	11	3	-9999
1987	11	4	-9999
1987	11	5	-9999
1987	11	6	-9999
1987	11	7	-9999
1987	11	8	-9999
1987	11	9	-9999
1987	11	10	-9999
1987	11	11	-9999
1987	11	12	-9999
1987	11	13	-9999
1987	11	14	-9999
1987	11	15	-9999
1987	11	16	-9999
1987	11	17	-9999
1987	11	18	-9999
1987	11	19	-9999
1987	11	20	-9999
1987	11	21	-9999
1987	11	22	-9999
1987	11	23	-9999
1987	11	24	-9999
1987	11	25	-9999
1987	11	26	-9999
1987	11	27	-9999
1987	11	28	-9999
1987	11	29	-9999
1987	11	30	-9999
1987	12	1	-9999
1987	12	2	-9999
1987	12	3	-9999
1987	12	4	-9999
1987	12	5	-9999
1987	12	6	-9999
1987	12	7	-9999
1987	12	8	-9999
1987	12	9	-9999
1987	12	10	-9999
1987	12	11	-9999
1987	12	12	-9999
1987	12	13	-9999
1987	12	14	-9999
1987	12	15	-9999
1987	12	16	-9999
1987	12	17	-9999
1987	12	18	-9999
1987	12	19	-9999
1987	12	20	-9999
1987	12	21	-9999
1987	12	22	-9999
1987	12	23	-9999
1987	12	24	-9999
1987	12	25	-9999
1987	12	26	-9999
1987	12	27	-9999
1987	12	28	-9999
1987	12	29	-9999
1987	12	30	-9999
1987	12	31	-9999
1988	1	1	-9999
1988	1	2	-9999
1988	1	3	-9999
1988	1	4	-9999
1988	1	5	-9999
1988	1	6	-9999
1988	1	7	-9999
1988	1	8	-9999
1988	1	9	-9999
1988	1	10	-9999
1988	1	11	-9999
1988	1	12	-9999
1988	1	13	-9999
1988	1	14	-9999
1988	1	15	-9999
1988	1	16	-9999
1988	1	17	-9999
1988	1	18	-9999
1988	1	19	-9999
1988	1	20	-9999
1988	1	21	-9999
1988	1	22	-9999
1988	1	23	-9999
1988	1	24	-9999
1988	1	25	-9999
1988	1	26	-9999
1988	1	27	-9999
1988	1	28	-9999
1988	1	29	-9999
1988	1	30	-9999
1988	1	31	-9999
1988	2	1	237.9868709
1988	2	2	232.0899735
1988	2	3	169.9698689
1988	2	4	207.1570353
1988	2	5	217.1947015
1988	2	6	217.1947015
1988	2	7	217.1947015
1988	2	8	217.1947015
1988	2	9	217.1947015
1988	2	10	217.1947015
1988	2	11	217.1947015
1988	2	12	217.1947015
1988	2	13	217.1947015
1988	2	14	217.1947015
1988	2	15	217.1947015
1988	2	16	217.1947015
1988	2	17	217.1947015
1988	2	18	217.1947015
1988	2	19	217.1947015
1988	2	20	217.1947015
1988	2	21	217.1947015
1988	2	22	217.1947015
1988	2	23	217.1947015
1988	2	24	217.1947015
1988	2	25	217.1947015
1988	2	26	217.1947015
1988	2	27	217.1947015
1988	2	28	217.1947015
1988	2	29	217.1947015
1988	3	1	217.1947015
1988	3	2	217.1947015
1988	3	3	217.1947015
1988	3	4	217.1947015
1988	3	5	217.1947015
1988	3	6	217.1947015
1988	3	7	217.1947015
1988	3	8	217.1947015
1988	3	9	254.0518266
1988	3	10	442.4880751
1988	3	11	488.8330017
1988	3	12	365.5251903
1988	3	13	268.0870329
1988	3	14	189.1980338
1988	3	15	133.3259541
1988	3	16	120.4148403
1988	3	17	26.21281146
1988	3	18	9.914932146
1988	3	19	-9999
1988	3	20	-9999
1988	3	21	0.923850389
1988	3	22	0.640526621
1988	3	23	1.248360085
1988	3	24	2.018260088
1988	3	25	6.89812217
1988	3	26	-9999
1988	3	27	-9999
1988	3	28	3.436543429
1988	3	29	1.771673681
1988	3	30	3.10438071
1988	3	31	2.984212083
1988	4	1	2.912865734
1988	4	2	-9999
1988	4	3	-9999
1988	4	4	163.757789
1988	4	5	-9999
1988	4	6	165.4607433
1988	4	7	157.7992334
1988	4	8	184.2925907
1988	4	9	155.1109827
1988	4	10	-9999
1988	4	11	26.53125347
1988	4	12	-9999
1988	4	13	-9999
1988	4	14	-9999
1988	4	15	-9999
1988	4	16	-9999
1988	4	17	-9999
1988	4	18	-9999
1988	4	19	57.79799838
1988	4	20	254.1552563
1988	4	21	205.3226043
1988	4	22	265.7218331
1988	4	23	0
1988	4	24	-9999
1988	4	25	39.33158039
1988	4	26	192.0673197
1988	4	27	182.75968
1988	4	28	224.601605
1988	4	29	-9999
1988	4	30	183.1773276
1988	5	1	-9999
1988	5	2	45.22560836
1988	5	3	29.75896455
1988	5	4	42.53114077
1988	5	5	-9999
1988	5	6	66.80440657
1988	5	7	210.4531032
1988	5	8	311.8217113
1988	5	9	291.7363921
1988	5	10	277.456932
1988	5	11	250.6979322
1988	5	12	250.1832547
1988	5	13	229.5848554
1988	5	14	206.8187095
1988	5	15	118.5198826
1988	5	16	55.40308009
1988	5	17	273.367717
1988	5	18	89.29868812
1988	5	19	69.34971933
1988	5	20	211.0851855
1988	5	21	197.2297366
1988	5	22	185.456695
1988	5	23	178.2783835
1988	5	24	174.8387098
1988	5	25	189.2449563
1988	5	26	219.3588953
1988	5	27	243.4733026
1988	5	28	308.7836274
1988	5	29	-9999
1988	5	30	310.5500463
1988	5	31	320.5478377
1988	6	1	349.4931836
1988	6	2	357.9137117
1988	6	3	370.6092551
1988	6	4	356.5249779
1988	6	5	356.5249779
1988	6	6	182.2033059
1988	6	7	178.3704104
1988	6	8	401.4749649
1988	6	9	329.3530343
1988	6	10	282.0477182
1988	6	11	270.9872051
1988	6	12	261.7952304
1988	6	13	254.569114
1988	6	14	251.9345809
1988	6	15	253.8967081
1988	6	16	182.8988609
1988	6	17	225.8937781
1988	6	18	229.9850715
1988	6	19	216.8019727
1988	6	20	205.6118933
1988	6	21	204.070572
1988	6	22	212.3024844
1988	6	23	266.0367935
1988	6	24	261.5863537
1988	6	25	281.4056526
1988	6	26	325.1930095
1988	6	27	339.0325185
1988	6	28	344.0496959
1988	6	29	341.4240478
1988	6	30	461.8127053
1988	7	1	457.8506518
1988	7	2	415.0806266
1988	7	3	416.7842154
1988	7	4	347.4270723
1988	7	5	312.4858687
1988	7	6	468.5676557
1988	7	7	586.2407734
1988	7	8	317.5931977
1988	7	9	229.6348699
1988	7	10	321.4415765
1988	7	11	321.0504648
1988	7	12	326.0909958
1988	7	13	534.9556209
1988	7	14	2001.253171
1988	7	15	4545.842274
1988	7	16	4722.771228
1988	7	17	3955.001136
1988	7	18	2860.742348
1988	7	19	1870.316973
1988	7	20	1146.889156
1988	7	21	2014.035858
1988	7	22	3303.233588
1988	7	23	2515.072359
1988	7	24	1642.303097
1988	7	25	1347.734404
1988	7	26	2074.834555
1988	7	27	2183.156036
1988	7	28	1873.314745
1988	7	29	1413.164557
1988	7	30	948.4830979
1988	7	31	693.7740224
1988	8	1	566.6591859
1988	8	2	428.712103
1988	8	3	417.6977985
1988	8	4	345.765646
1988	8	5	331.2137963
1988	8	6	315.4803386
1988	8	7	322.6718067
1988	8	8	315.8691999
1988	8	9	286.7170998
1988	8	10	284.9429787
1988	8	11	289.0342764
1988	8	12	314.3147033
1988	8	13	336.9302943
1988	8	14	235.9653499
1988	8	15	239.4560264
1988	8	16	258.7719076
1988	8	17	540.5182351
1988	8	18	561.9493457
1988	8	19	703.9543618
1988	8	20	735.1542557
1988	8	21	727.2393385
1988	8	22	525.0697175
1988	8	23	412.9543799
1988	8	24	557.9897062
1988	8	25	468.0614944
1988	8	26	412.1048903
1988	8	27	365.5251903
1988	8	28	366.6335254
1988	8	29	283.7622509
1988	8	30	164.698177
1988	8	31	265.1971727
1988	9	1	214.3527369
1988	9	2	245.8226112
1988	9	3	214.1571949
1988	9	4	258.2518168
1988	9	5	279.322276
1988	9	6	257.7840303
1988	9	7	220.2462852
1988	9	8	200.5687843
1988	9	9	230.1852657
1988	9	10	326.5964719
1988	9	11	398.2919012
1988	9	12	328.9587719
1988	9	13	351.7935971
1988	9	14	422.2144523
1988	9	15	387.3063716
1988	9	16	334.1529142
1988	9	17	302.0249815
1988	9	18	290.0601033
1988	9	19	266.5620009
1988	9	20	267.61344
1988	9	21	272.3088639
1988	9	22	334.3227399
1988	9	23	383.3906735
1988	9	24	381.1421416
1988	9	25	394.9975707
1988	9	26	380.9648118
1988	9	27	373.013212
1988	9	28	379.4290944
1988	9	29	372.3090843
1988	9	30	381.4377518
1988	10	1	392.9655942
1988	10	2	351.8511712
1988	10	3	353.5798382
1988	10	4	371.5467746
1988	10	5	365.8167501
1988	10	6	368.795036
1988	10	7	363.7774425
1988	10	8	367.6261314
1988	10	9	366.9253764
1988	10	10	377.8954245
1988	10	11	359.0723495
1988	10	12	374.7166646
1988	10	13	410.9529348
1988	10	14	402.5579051
1988	10	15	395.2368539
1988	10	16	388.4955356
1988	10	17	367.9182428
1988	10	18	292.7653687
1988	10	19	236.9248631
1988	10	20	315.8136386
1988	10	21	371.3123215
1988	10	22	393.6823676
1988	10	23	398.4718514
1988	10	24	398.7118266
1988	10	25	394.8181396
1988	10	26	394.5191476
1988	10	27	369.2044416
1988	10	28	364.5344606
1988	10	29	377.7185944
1988	10	30	379.4290944
1988	10	31	378.6620033
1988	11	1	379.9014049
1988	11	2	383.6276147
1988	11	3	389.0310515
1988	11	4	398.7718279
1988	11	5	337.3276815
1988	11	6	320.6036723
1988	11	7	325.8664226
1988	11	8	325.2491097
1988	11	9	324.4639973
1988	11	10	350.4702511
1988	11	11	366.7502566
1988	11	12	373.8352488
1988	11	13	354.9070408
1988	11	14	345.4794588
1988	11	15	353.868221
1988	11	16	341.1960443
1988	11	17	361.1610074
1988	11	18	374.0114772
1988	11	19	362.8464409
1988	11	20	371.3709302
1988	11	21	369.3799471
1988	11	22	367.6261314
1988	11	23	349.3208534
1988	11	24	360.116179
1988	11	25	357.0455444
1988	11	26	354.618379
1988	11	27	363.7192319
1988	11	28	342.6218901
1988	11	29	308.7284803
1988	11	30	301.204137
1988	12	1	307.405927
1988	12	2	310.3290622
1988	12	3	318.6513704
1988	12	4	-9999
1988	12	5	-9999
1988	12	6	-9999
1988	12	7	324.8003974
1988	12	8	309.7216236
1988	12	9	326.8774035
1988	12	10	329.7474524
1988	12	11	-9999
1988	12	12	332.0607396
1988	12	13	305.7553713
1988	12	14	290.9248868
1988	12	15	345.0217219
1988	12	16	-9999
1988	12	17	330.8188003
1988	12	18	-9999
1988	12	19	323.2315145
1988	12	20	319.8780725
1988	12	21	300.6573167
1988	12	22	310.10813
1988	12	23	326.5964719
1988	12	24	325.1930095
1988	12	25	332.6822847
1988	12	26	227.7867315
1988	12	27	296.1857758
1988	12	28	284.0304562
1988	12	29	279.4289916
1988	12	30	284.0304562
1988	12	31	284.0304562
1989	1	1	268.0870329
1989	1	2	268.0870329
1989	1	3	257.6281636
1989	1	4	284.0304562
1989	1	5	257.6281636
1989	1	6	278.6822651
1989	1	7	273.367717
1989	1	8	278.6822651
1989	1	9	278.6822651
1989	1	10	300.2747376
1989	1	11	289.4120732
1989	1	12	252.4504432
1989	1	13	273.367717
1989	1	14	257.6281636
1989	1	15	237.1270295
1989	1	16	222.12354
1989	1	17	273.367717
1989	1	18	284.0304562
1989	1	19	328.0019264
1989	1	20	328.0019264
1989	1	21	356.5249779
1989	1	22	95.29691651
1989	1	23	374.0114772
1989	1	24	368.151987
1989	1	25	289.4120732
1989	1	26	232.0899735
1989	1	27	242.199629
1989	1	28	242.199629
1989	1	29	268.0870329
1989	1	30	268.0870329
1989	1	31	284.0304562
1989	2	1	305.7553713
1989	2	2	289.4120732
1989	2	3	278.6822651
1989	2	4	289.4120732
1989	2	5	278.6822651
1989	2	6	278.6822651
1989	2	7	289.4120732
1989	2	8	289.4120732
1989	2	9	289.4120732
1989	2	10	305.7553713
1989	2	11	289.4120732
1989	2	12	273.367717
1989	2	13	284.0304562
1989	2	14	268.0870329
1989	2	15	273.367717
1989	2	16	289.4120732
1989	2	17	289.4120732
1989	2	18	284.0304562
1989	2	19	284.0304562
1989	2	20	278.6822651
1989	2	21	262.8404384
1989	2	22	284.0304562
1989	2	23	268.0870329
1989	2	24	257.6281636
1989	2	25	428.0977197
1989	2	26	497.3923289
1989	2	27	667.0801542
1989	2	28	624.8726921
1989	3	1	681.3502712
1989	3	2	576.7952538
1989	3	3	695.7196605
1989	3	4	1490.997724
1989	3	5	2152.948541
1989	3	6	2121.630388
1989	3	7	1826.82948
1989	3	8	1152.845422
1989	3	9	746.7842784
1989	3	10	645.8626884
1989	3	11	556.5825732
1989	3	12	478.1552175
1989	3	13	459.1700849
1989	3	14	421.9698994
1989	3	15	415.8712923
1989	3	16	368.151987
1989	3	17	391.7719297
1989	3	18	345.0217219
1989	3	19	362.3230983
1989	3	20	339.3169335
1989	3	21	339.3169335
1989	3	22	339.3169335
1989	3	23	345.0217219
1989	3	24	345.0217219
1989	3	25	339.3169335
1989	3	26	311.2686028
1989	3	27	322.3920729
1989	3	28	339.3169335
1989	3	29	333.643608
1989	3	30	350.757795
1989	3	31	339.3169335
1989	4	1	459.1700849
1989	4	2	516.8780588
1989	4	3	415.8712923
1989	4	4	345.0217219
1989	4	5	695.7196605
1989	4	6	311.2686028
1989	4	7	350.757795
1989	4	8	403.7623
1989	4	9	409.8020434
1989	4	10	356.5249779
1989	4	11	368.151987
1989	4	12	379.9014049
1989	4	13	374.0114772
1989	4	14	350.757795
1989	4	15	368.151987
1989	4	16	409.8020434
1989	4	17	397.7522115
1989	4	18	428.0977197
1989	4	19	530.0050663
1989	4	20	516.8780588
1989	4	21	503.86011
1989	4	22	484.5397591
1989	4	23	452.8983032
1989	4	24	434.2546102
1989	4	25	478.1552175
1989	4	26	459.1700849
1989	4	27	459.1700849
1989	4	28	434.2546102
1989	4	29	409.8020434
1989	4	30	446.6550398
1989	5	1	478.1552175
1989	5	2	510.3553932
1989	5	3	484.5397591
1989	5	4	471.7986725
1989	5	5	484.5397591
1989	5	6	471.7986725
1989	5	7	446.6550398
1989	5	8	503.86011
1989	5	9	510.3553932
1989	5	10	471.7986725
1989	5	11	471.7986725
1989	5	12	484.5397591
1989	5	13	503.86011
1989	5	14	497.3923289
1989	5	15	516.8780588
1989	5	16	484.5397591
1989	5	17	503.86011
1989	5	18	523.4279887
1989	5	19	490.952171
1989	5	20	490.952171
1989	5	21	478.1552175
1989	5	22	497.3923289
1989	5	23	497.3923289
1989	5	24	523.4279887
1989	5	25	446.6550398
1989	5	26	484.5397591
1989	5	27	510.3553932
1989	5	28	503.86011
1989	5	29	503.86011
1989	5	30	497.3923289
1989	5	31	471.7986725
1989	6	1	465.4702518
1989	6	2	465.4702518
1989	6	3	484.5397591
1989	6	4	478.1552175
1989	6	5	536.6091765
1989	6	6	428.0977197
1989	6	7	452.8983032
1989	6	8	465.4702518
1989	6	9	403.7623
1989	6	10	516.8780588
1989	6	11	530.0050663
1989	6	12	576.7952538
1989	6	13	543.2402057
1989	6	14	523.4279887
1989	6	15	674.2027592
1989	6	16	724.75346
1989	6	17	681.3502712
1989	6	18	652.9100271
1989	6	19	576.7952538
1989	6	20	471.7986725
1989	6	21	374.0114772
1989	6	22	368.151987
1989	6	23	465.4702518
1989	6	24	328.0019264
1989	6	25	409.8020434
1989	6	26	421.9698994
1989	6	27	434.2546102
1989	6	28	530.0050663
1989	6	29	510.3553932
1989	6	30	465.4702518
1989	7	1	368.151987
1989	7	2	356.5249779
1989	7	3	409.8020434
1989	7	4	459.1700849
1989	7	5	459.1700849
1989	7	6	440.4404298
1989	7	7	459.1700849
1989	7	8	471.7986725
1989	7	9	339.3169335
1989	7	10	397.7522115
1989	7	11	459.1700849
1989	7	12	638.8406233
1989	7	13	837.051365
1989	7	14	954.5583766
1989	7	15	860.1437829
1989	7	16	1195.684819
1989	7	17	2764.511695
1989	7	18	2258.428765
1989	7	19	1426.57389
1989	7	20	783.9823607
1989	7	21	503.86011
1989	7	22	391.7719297
1989	7	23	428.0977197
1989	7	24	490.952171
1989	7	25	617.9270177
1989	7	26	3448.891318
1989	7	27	4986.576902
1989	7	28	5779.096972
1989	7	29	8738.769162
1989	7	30	6685.127194
1989	7	31	5491.640807
1989	8	1	4129.409665
1989	8	2	2518.267438
1989	8	3	1265.291048
1989	8	4	746.7842784
1989	8	5	590.4018795
1989	8	6	497.3923289
1989	8	7	484.5397591
1989	8	8	510.3553932
1989	8	9	497.3923289
1989	8	10	484.5397591
1989	8	11	490.952171
1989	8	12	452.8983032
1989	8	13	459.1700849
1989	8	14	428.0977197
1989	8	15	409.8020434
1989	8	16	503.86011
1989	8	17	478.1552175
1989	8	18	471.7986725
1989	8	19	523.4279887
1989	8	20	563.293691
1989	8	21	523.4279887
1989	8	22	484.5397591
1989	8	23	3053.377258
1989	8	24	3303.233588
1989	8	25	2111.224689
1989	8	26	1265.291048
1989	8	27	930.6516291
1989	8	28	754.1761038
1989	8	29	624.8726921
1989	8	30	1926.83828
1989	8	31	2205.480645
1989	9	1	1256.5194
1989	9	2	1011.112359
1989	9	3	791.493271
1989	9	4	611.0070001
1989	9	5	530.0050663
1989	9	6	440.4404298
1989	9	7	536.6091765
1989	9	8	556.5825732
1989	9	9	563.293691
1989	9	10	1230.325557
1989	9	11	2719.178401
1989	9	12	3303.233588
1989	9	13	2584.671821
1989	9	14	2485.279662
1989	9	15	3053.377258
1989	9	16	3821.976404
1989	9	17	3923.581291
1989	9	18	3633.854256
1989	9	19	2685.341061
1989	9	20	1767.673771
1989	9	21	1178.48722
1989	9	22	978.6642747
1989	9	23	806.5857677
1989	9	24	806.5857677
1989	9	25	724.75346
1989	9	26	667.0801542
1989	9	27	638.8406233
1989	9	28	659.9825465
1989	9	29	681.3502712
1989	9	30	667.0801542
1989	10	1	490.952171
1989	10	2	465.4702518
1989	10	3	434.2546102
1989	10	4	590.4018795
1989	10	5	549.8980415
1989	10	6	638.8406233
1989	10	7	576.7952538
1989	10	8	530.0050663
1989	10	9	497.3923289
1989	10	10	516.8780588
1989	10	11	523.4279887
1989	10	12	543.2402057
1989	10	13	576.7952538
1989	10	14	510.3553932
1989	10	15	523.4279887
1989	10	16	530.0050663
1989	10	17	490.952171
1989	10	18	421.9698994
1989	10	19	350.757795
1989	10	20	385.8216087
1989	10	21	379.9014049
1989	10	22	379.9014049
1989	10	23	385.8216087
1989	10	24	391.7719297
1989	10	25	409.8020434
1989	10	26	397.7522115
1989	10	27	397.7522115
1989	10	28	391.7719297
1989	10	29	362.3230983
1989	10	30	350.757795
1989	10	31	345.0217219
1989	11	1	339.3169335
1989	11	2	345.0217219
1989	11	3	356.5249779
1989	11	4	379.9014049
1989	11	5	428.0977197
1989	11	6	471.7986725
1989	11	7	465.4702518
1989	11	8	590.4018795
1989	11	9	799.0277653
1989	11	10	739.4165082
1989	11	11	631.8439261
1989	11	12	510.3553932
1989	11	13	471.7986725
1989	11	14	459.1700849
1989	11	15	440.4404298
1989	11	16	446.6550398
1989	11	17	478.1552175
1989	11	18	465.4702518
1989	11	19	471.7986725
1989	11	20	452.8983032
1989	11	21	478.1552175
1989	11	22	484.5397591
1989	11	23	556.5825732
1989	11	24	556.5825732
1989	11	25	530.0050663
1989	11	26	536.6091765
1989	11	27	556.5825732
1989	11	28	490.952171
1989	11	29	465.4702518
1989	11	30	465.4702518
1989	12	1	471.7986725
1989	12	2	471.7986725
1989	12	3	503.86011
1989	12	4	484.5397591
1989	12	5	440.4404298
1989	12	6	459.1700849
1989	12	7	446.6550398
1989	12	8	403.7623
1989	12	9	379.9014049
1989	12	10	385.8216087
1989	12	11	374.0114772
1989	12	12	345.0217219
1989	12	13	322.3920729
1989	12	14	328.0019264
1989	12	15	368.151987
1989	12	16	333.643608
1989	12	17	434.2546102
1989	12	18	497.3923289
1989	12	19	434.2546102
1989	12	20	339.3169335
1989	12	21	374.0114772
1989	12	22	311.2686028
1989	12	23	328.0019264
1989	12	24	362.3230983
1989	12	25	397.7522115
1989	12	26	374.0114772
1989	12	27	428.0977197
1989	12	28	415.8712923
1989	12	29	428.0977197
1989	12	30	403.7623
1989	12	31	397.7522115
1990	1	1	391.7719297
1990	1	2	397.7522115
1990	1	3	397.7522115
1990	1	4	397.7522115
1990	1	5	350.757795
1990	1	6	362.3230983
1990	1	7	368.151987
1990	1	8	356.5249779
1990	1	9	356.5249779
1990	1	10	379.9014049
1990	1	11	362.3230983
1990	1	12	362.3230983
1990	1	13	350.757795
1990	1	14	350.757795
1990	1	15	333.643608
1990	1	16	328.0019264
1990	1	17	345.0217219
1990	1	18	339.3169335
1990	1	19	328.0019264
1990	1	20	328.0019264
1990	1	21	356.5249779
1990	1	22	362.3230983
1990	1	23	356.5249779
1990	1	24	356.5249779
1990	1	25	356.5249779
1990	1	26	356.5249779
1990	1	27	356.5249779
1990	1	28	356.5249779
1990	1	29	385.8216087
1990	1	30	391.7719297
1990	1	31	385.8216087
1990	2	1	403.7623
1990	2	2	368.151987
1990	2	3	374.0114772
1990	2	4	374.0114772
1990	2	5	374.0114772
1990	2	6	379.9014049
1990	2	7	356.5249779
1990	2	8	345.0217219
1990	2	9	362.3230983
1990	2	10	403.7623
1990	2	11	421.9698994
1990	2	12	368.151987
1990	2	13	434.2546102
1990	2	14	428.0977197
1990	2	15	409.8020434
1990	2	16	379.9014049
1990	2	17	368.151987
1990	2	18	379.9014049
1990	2	19	403.7623
1990	2	20	446.6550398
1990	2	21	667.0801542
1990	2	22	883.4425369
1990	2	23	1426.57389
1990	2	24	1603.598542
1990	2	25	1728.595025
1990	2	26	1613.103403
1990	2	27	1282.89461
1990	2	28	978.6642747
1990	3	1	806.5857677
1990	3	2	717.458347
1990	3	3	674.2027592
1990	3	4	583.5854861
1990	3	5	536.6091765
1990	3	6	510.3553932
1990	3	7	490.952171
1990	3	8	471.7986725
1990	3	9	403.7623
1990	3	10	379.9014049
1990	3	11	374.0114772
1990	3	12	397.7522115
1990	3	13	415.8712923
1990	3	14	428.0977197
1990	3	15	409.8020434
1990	3	16	403.7623
1990	3	17	421.9698994
1990	3	18	397.7522115
1990	3	19	379.9014049
1990	3	20	362.3230983
1990	3	21	374.0114772
1990	3	22	379.9014049
1990	3	23	391.7719297
1990	3	24	385.8216087
1990	3	25	385.8216087
1990	3	26	434.2546102
1990	3	27	459.1700849
1990	3	28	490.952171
1990	3	29	484.5397591
1990	3	30	484.5397591
1990	3	31	516.8780588
1990	4	1	536.6091765
1990	4	2	563.293691
1990	4	3	570.0312868
1990	4	4	523.4279887
1990	4	5	510.3553932
1990	4	6	484.5397591
1990	4	7	503.86011
1990	4	8	446.6550398
1990	4	9	459.1700849
1990	4	10	484.5397591
1990	4	11	484.5397591
1990	4	12	484.5397591
1990	4	13	1556.353187
1990	4	14	1318.341479
1990	4	15	791.493271
1990	4	16	717.458347
1990	4	17	695.7196605
1990	4	18	563.293691
1990	4	19	543.2402057
1990	4	20	523.4279887
1990	4	21	543.2402057
1990	4	22	549.8980415
1990	4	23	652.9100271
1990	4	24	746.7842784
1990	4	25	659.9825465
1990	4	26	611.0070001
1990	4	27	543.2402057
1990	4	28	497.3923289
1990	4	29	484.5397591
1990	4	30	459.1700849
1990	5	1	503.86011
1990	5	2	1195.684819
1990	5	3	516.8780588
1990	5	4	702.9413621
1990	5	5	783.9823607
1990	5	6	829.4000751
1990	5	7	761.5919041
1990	5	8	652.9100271
1990	5	9	604.1127379
1990	5	10	563.293691
1990	5	11	490.952171
1990	5	12	590.4018795
1990	5	13	440.4404298
1990	5	14	409.8020434
1990	5	15	440.4404298
1990	5	16	415.8712923
1990	5	17	379.9014049
1990	5	18	415.8712923
1990	5	19	484.5397591
1990	5	20	583.5854861
1990	5	21	556.5825732
1990	5	22	556.5825732
1990	5	23	523.4279887
1990	5	24	510.3553932
1990	5	25	428.0977197
1990	5	26	415.8712923
1990	5	27	434.2546102
1990	5	28	446.6550398
1990	5	29	446.6550398
1990	5	30	440.4404298
1990	5	31	503.86011
1990	6	1	497.3923289
1990	6	2	471.7986725
1990	6	3	452.8983032
1990	6	4	415.8712923
1990	6	5	391.7719297
1990	6	6	403.7623
1990	6	7	403.7623
1990	6	8	465.4702518
1990	6	9	459.1700849
1990	6	10	484.5397591
1990	6	11	452.8983032
1990	6	12	497.3923289
1990	6	13	478.1552175
1990	6	14	446.6550398
1990	6	15	478.1552175
1990	6	16	543.2402057
1990	6	17	583.5854861
1990	6	18	617.9270177
1990	6	19	645.8626884
1990	6	20	1565.764938
1990	6	21	2584.671821
1990	6	22	2430.619909
1990	6	23	2301.084542
1990	6	24	2121.630388
1990	6	25	2387.181744
1990	6	26	5041.898185
1990	6	27	4931.457324
1990	6	28	5591.699746
1990	6	29	3135.941495
1990	6	30	2163.421517
1990	7	1	1372.105641
1990	7	2	1060.434275
1990	7	3	1212.964397
1990	7	4	1212.964397
1990	7	5	1060.434275
1990	7	6	829.4000751
1990	7	7	754.1761038
1990	7	8	681.3502712
1990	7	9	583.5854861
1990	7	10	490.952171
1990	7	11	452.8983032
1990	7	12	490.952171
1990	7	13	536.6091765
1990	7	14	946.5672486
1990	7	15	1836.751055
1990	7	16	2959.912335
1990	7	17	4564.735283
1990	7	18	4591.57817
1990	7	19	4129.409665
1990	7	20	5195.065608
1990	7	21	4821.826347
1990	7	22	3315.292389
1990	7	23	1886.623919
1990	7	24	1043.907625
1990	7	25	695.7196605
1990	7	26	570.0312868
1990	7	27	484.5397591
1990	7	28	471.7986725
1990	7	29	523.4279887
1990	7	30	530.0050663
1990	7	31	536.6091765
1990	8	1	471.7986725
1990	8	2	471.7986725
1990	8	3	452.8983032
1990	8	4	403.7623
1990	8	5	440.4404298
1990	8	6	459.1700849
1990	8	7	484.5397591
1990	8	8	459.1700849
1990	8	9	459.1700849
1990	8	10	503.86011
1990	8	11	484.5397591
1990	8	12	510.3553932
1990	8	13	484.5397591
1990	8	14	459.1700849
1990	8	15	471.7986725
1990	8	16	465.4702518
1990	8	17	452.8983032
1990	8	18	523.4279887
1990	8	19	523.4279887
1990	8	20	471.7986725
1990	8	21	536.6091765
1990	8	22	440.4404298
1990	8	23	769.0315994
1990	8	24	1027.466831
1990	8	25	791.493271
1990	8	26	624.8726921
1990	8	27	530.0050663
1990	8	28	490.952171
1990	8	29	465.4702518
1990	8	30	471.7986725
1990	8	31	530.0050663
1990	9	1	563.293691
1990	9	2	814.167203
1990	9	3	938.5983114
1990	9	4	867.8872013
1990	9	5	570.0312868
1990	9	6	530.0050663
1990	9	7	484.5397591
1990	9	8	516.8780588
1990	9	9	530.0050663
1990	9	10	556.5825732
1990	9	11	583.5854861
1990	9	12	814.167203
1990	9	13	1144.339588
1990	9	14	2584.671821
1990	9	15	2696.604642
1990	9	16	1738.337679
1990	9	17	1052.160247
1990	9	18	791.493271
1990	9	19	702.9413621
1990	9	20	563.293691
1990	9	21	510.3553932
1990	9	22	516.8780588
1990	9	23	484.5397591
1990	9	24	570.0312868
1990	9	25	860.1437829
1990	9	26	1019.278776
1990	9	27	962.5716322
1990	9	28	844.725794
1990	9	29	724.75346
1990	9	30	681.3502712
1990	10	1	617.9270177
1990	10	2	576.7952538
1990	10	3	563.293691
1990	10	4	497.3923289
1990	10	5	510.3553932
1990	10	6	490.952171
1990	10	7	459.1700849
1990	10	8	465.4702518
1990	10	9	465.4702518
1990	10	10	497.3923289
1990	10	11	374.0114772
1990	10	12	428.0977197
1990	10	13	471.7986725
1990	10	14	434.2546102
1990	10	15	471.7986725
1990	10	16	510.3553932
1990	10	17	497.3923289
1990	10	18	434.2546102
1990	10	19	350.757795
1990	10	20	385.8216087
1990	10	21	379.9014049
1990	10	22	379.9014049
1990	10	23	385.8216087
1990	10	24	391.7719297
1990	10	25	409.8020434
1990	10	26	397.7522115
1990	10	27	397.7522115
1990	10	28	391.7719297
1990	10	29	362.3230983
1990	10	30	350.757795
1990	10	31	345.0217219
1990	11	1	397.7522115
1990	11	2	446.6550398
1990	11	3	397.7522115
1990	11	4	415.8712923
1990	11	5	379.9014049
1990	11	6	368.151987
1990	11	7	368.151987
1990	11	8	356.5249779
1990	11	9	322.3920729
1990	11	10	503.86011
1990	11	11	289.4120732
1990	11	12	311.2686028
1990	11	13	350.757795
1990	11	14	345.0217219
1990	11	15	333.643608
1990	11	16	316.8142348
1990	11	17	368.151987
1990	11	18	440.4404298
1990	11	19	452.8983032
1990	11	20	403.7623
1990	11	21	428.0977197
1990	11	22	428.0977197
1990	11	23	459.1700849
1990	11	24	465.4702518
1990	11	25	478.1552175
1990	11	26	471.7986725
1990	11	27	465.4702518
1990	11	28	471.7986725
1990	11	29	452.8983032
1990	11	30	440.4404298
1990	12	1	459.1700849
1990	12	2	452.8983032
1990	12	3	452.8983032
1990	12	4	452.8983032
1990	12	5	471.7986725
1990	12	6	465.4702518
1990	12	7	440.4404298
1990	12	8	409.8020434
1990	12	9	403.7623
1990	12	10	434.2546102
1990	12	11	385.8216087
1990	12	12	409.8020434
1990	12	13	421.9698994
1990	12	14	421.9698994
1990	12	15	403.7623
1990	12	16	421.9698994
1990	12	17	421.9698994
1990	12	18	415.8712923
1990	12	19	421.9698994
1990	12	20	428.0977197
1990	12	21	421.9698994
1990	12	22	421.9698994
1990	12	23	434.2546102
1990	12	24	434.2546102
1990	12	25	465.4702518
1990	12	26	428.0977197
1990	12	27	459.1700849
1990	12	28	465.4702518
1990	12	29	440.4404298
1990	12	30	440.4404298
1990	12	31	440.4404298
1991	1	1	421.9698994
1991	1	2	415.8712923
1991	1	3	421.9698994
1991	1	4	415.8712923
1991	1	5	434.2546102
1991	1	6	446.6550398
1991	1	7	434.2546102
1991	1	8	428.0977197
1991	1	9	428.0977197
1991	1	10	465.4702518
1991	1	11	459.1700849
1991	1	12	434.2546102
1991	1	13	446.6550398
1991	1	14	434.2546102
1991	1	15	428.0977197
1991	1	16	374.0114772
1991	1	17	362.3230983
1991	1	18	345.0217219
1991	1	19	345.0217219
1991	1	20	322.3920729
1991	1	21	333.643608
1991	1	22	328.0019264
1991	1	23	333.643608
1991	1	24	339.3169335
1991	1	25	356.5249779
1991	1	26	356.5249779
1991	1	27	345.0217219
1991	1	28	333.643608
1991	1	29	328.0019264
1991	1	30	333.643608
1991	1	31	409.8020434
1991	2	1	403.7623
1991	2	2	409.8020434
1991	2	3	415.8712923
1991	2	4	333.643608
1991	2	5	391.7719297
1991	2	6	379.9014049
1991	2	7	385.8216087
1991	2	8	391.7719297
1991	2	9	391.7719297
1991	2	10	397.7522115
1991	2	11	397.7522115
1991	2	12	379.9014049
1991	2	13	379.9014049
1991	2	14	368.151987
1991	2	15	385.8216087
1991	2	16	379.9014049
1991	2	17	403.7623
1991	2	18	397.7522115
1991	2	19	397.7522115
1991	2	20	397.7522115
1991	2	21	391.7719297
1991	2	22	391.7719297
1991	2	23	409.8020434
1991	2	24	397.7522115
1991	2	25	385.8216087
1991	2	26	397.7522115
1991	2	27	391.7719297
1991	2	28	374.0114772
1991	3	1	379.9014049
1991	3	2	368.151987
1991	3	3	362.3230983
1991	3	4	379.9014049
1991	3	5	368.151987
1991	3	6	356.5249779
1991	3	7	368.151987
1991	3	8	391.7719297
1991	3	9	446.6550398
1991	3	10	523.4279887
1991	3	11	536.6091765
1991	3	12	583.5854861
1991	3	13	543.2402057
1991	3	14	536.6091765
1991	3	15	516.8780588
1991	3	16	428.0977197
1991	3	17	428.0977197
1991	3	18	434.2546102
1991	3	19	333.643608
1991	3	20	294.8269033
1991	3	21	156.5633907
1991	3	22	339.3169335
1991	3	23	356.5249779
1991	3	24	478.1552175
1991	3	25	459.1700849
1991	3	26	459.1700849
1991	3	27	428.0977197
1991	3	28	446.6550398
1991	3	29	428.0977197
1991	3	30	391.7719297
1991	3	31	397.7522115
1991	4	1	434.2546102
1991	4	2	403.7623
1991	4	3	385.8216087
1991	4	4	421.9698994
1991	4	5	471.7986725
1991	4	6	397.7522115
1991	4	7	368.151987
1991	4	8	415.8712923
1991	4	9	428.0977197
1991	4	10	403.7623
1991	4	11	368.151987
1991	4	12	374.0114772
1991	4	13	403.7623
1991	4	14	391.7719297
1991	4	15	368.151987
1991	4	16	385.8216087
1991	4	17	391.7719297
1991	4	18	1354.105553
1991	4	19	1787.320932
1991	4	20	2028.589522
1991	4	21	1327.252873
1991	4	22	1152.845422
1991	4	23	754.1761038
1991	4	24	631.8439261
1991	4	25	503.86011
1991	4	26	556.5825732
1991	4	27	484.5397591
1991	4	28	391.7719297
1991	4	29	391.7719297
1991	4	30	428.0977197
1991	5	1	409.8020434
1991	5	2	345.0217219
1991	5	3	362.3230983
1991	5	4	356.5249779
1991	5	5	374.0114772
1991	5	6	379.9014049
1991	5	7	409.8020434
1991	5	8	403.7623
1991	5	9	391.7719297
1991	5	10	385.8216087
1991	5	11	374.0114772
1991	5	12	379.9014049
1991	5	13	368.151987
1991	5	14	350.757795
1991	5	15	415.8712923
1991	5	16	333.643608
1991	5	17	197.8484466
1991	5	18	891.2543163
1991	5	19	484.5397591
1991	5	20	385.8216087
1991	5	21	374.0114772
1991	5	22	415.8712923
1991	5	23	391.7719297
1991	5	24	415.8712923
1991	5	25	440.4404298
1991	5	26	440.4404298
1991	5	27	397.7522115
1991	5	28	385.8216087
1991	5	29	446.6550398
1991	5	30	440.4404298
1991	5	31	421.9698994
1991	6	1	421.9698994
1991	6	2	421.9698994
1991	6	3	421.9698994
1991	6	4	421.9698994
1991	6	5	421.9698994
1991	6	6	421.9698994
1991	6	7	421.9698994
1991	6	8	421.9698994
1991	6	9	710.1876194
1991	6	10	2163.421517
1991	6	11	1896.651265
1991	6	12	1896.651265
1991	6	13	1896.651265
1991	6	14	1118.947119
1991	6	15	490.952171
1991	6	16	465.4702518
1991	6	17	434.2546102
1991	6	18	421.9698994
1991	6	19	440.4404298
1991	6	20	345.0217219
1991	6	21	421.9698994
1991	6	22	434.2546102
1991	6	23	391.7719297
1991	6	24	379.9014049
1991	6	25	397.7522115
1991	6	26	397.7522115
1991	6	27	385.8216087
1991	6	28	397.7522115
1991	6	29	397.7522115
1991	6	30	385.8216087
1991	7	1	379.9014049
1991	7	2	379.9014049
1991	7	3	379.9014049
1991	7	4	415.8712923
1991	7	5	471.7986725
1991	7	6	497.3923289
1991	7	7	695.7196605
1991	7	8	814.167203
1991	7	9	702.9413621
1991	7	10	1454.069137
1991	7	11	2753.155204
1991	7	12	4431.302429
1991	7	13	4194.439553
1991	7	14	3100.467868
1991	7	15	2301.084542
1991	7	16	2529.295207
1991	7	17	1816.925648
1991	7	18	1247.767903
1991	7	19	1212.964397
1991	7	20	2194.940835
1991	7	21	2452.435684
1991	7	22	1787.320932
1991	7	23	1472.495245
1991	7	24	1093.743318
1991	7	25	867.8872013
1991	7	26	914.8252873
1991	7	27	986.7435376
1991	7	28	986.7435376
1991	7	29	906.9457586
1991	7	30	1354.105553
1991	7	31	2121.630388
1991	8	1	6293.637626
1991	8	2	5634.76423
1991	8	3	3784.10186
1991	8	4	2419.736158
1991	8	5	1728.595025
1991	8	6	1490.997724
1991	8	7	1265.291048
1991	8	8	1127.390384
1991	8	9	914.8252873
1991	8	10	1584.644496
1991	8	11	2753.155204
1991	8	12	2662.860609
1991	8	13	1947.050124
1991	8	14	1169.919289
1991	8	15	776.495111
1991	8	16	638.8406233
1991	8	17	497.3923289
1991	8	18	563.293691
1991	8	19	590.4018795
1991	8	20	523.4279887
1991	8	21	536.6091765
1991	8	22	516.8780588
1991	8	23	3424.471299
1991	8	24	7006.968693
1991	8	25	6488.408424
1991	8	26	5663.534369
1991	8	27	4220.545204
1991	8	28	2496.259642
1991	8	29	1256.5194
1991	8	30	1169.919289
1991	8	31	1135.854558
1991	9	1	954.5583766
1991	9	2	891.2543163
1991	9	3	783.9823607
1991	9	4	746.7842784
1991	9	5	631.8439261
1991	9	6	1622.626773
1991	9	7	1826.82948
1991	9	8	1336.184047
1991	9	9	1127.390384
1991	9	10	860.1437829
1991	9	11	674.2027592
1991	9	12	617.9270177
1991	9	13	638.8406233
1991	9	14	576.7952538
1991	9	15	570.0312868
1991	9	16	484.5397591
1991	9	17	478.1552175
1991	9	18	549.8980415
1991	9	19	563.293691
1991	9	20	530.0050663
1991	9	21	490.952171
1991	9	22	446.6550398
1991	9	23	440.4404298
1991	9	24	459.1700849
1991	9	25	459.1700849
1991	9	26	434.2546102
1991	9	27	478.1552175
1991	9	28	1977.498024
1991	9	29	2279.723746
1991	9	30	2279.723746
1991	10	1	1622.626773
1991	10	2	1011.112359
1991	10	3	837.051365
1991	10	4	739.4165082
1991	10	5	570.0312868
1991	10	6	503.86011
1991	10	7	471.7986725
1991	10	8	434.2546102
1991	10	9	421.9698994
1991	10	10	397.7522115
1991	10	11	403.7623
1991	10	12	403.7623
1991	10	13	428.0977197
1991	10	14	428.0977197
1991	10	15	428.0977197
1991	10	16	490.952171
1991	10	17	465.4702518
1991	10	18	471.7986725
1991	10	19	415.8712923
1991	10	20	421.9698994
1991	10	21	415.8712923
1991	10	22	397.7522115
1991	10	23	379.9014049
1991	10	24	428.0977197
1991	10	25	440.4404298
1991	10	26	459.1700849
1991	10	27	446.6550398
1991	10	28	446.6550398
1991	10	29	459.1700849
1991	10	30	440.4404298
1991	10	31	446.6550398
1991	11	1	497.3923289
1991	11	2	490.952171
1991	11	3	478.1552175
1991	11	4	478.1552175
1991	11	5	465.4702518
1991	11	6	459.1700849
1991	11	7	452.8983032
1991	11	8	428.0977197
1991	11	9	440.4404298
1991	11	10	465.4702518
1991	11	11	434.2546102
1991	11	12	465.4702518
1991	11	13	465.4702518
1991	11	14	471.7986725
1991	11	15	478.1552175
1991	11	16	471.7986725
1991	11	17	503.86011
1991	11	18	497.3923289
1991	11	19	490.952171
1991	11	20	490.952171
1991	11	21	484.5397591
1991	11	22	465.4702518
1991	11	23	452.8983032
1991	11	24	391.7719297
1991	11	25	421.9698994
1991	11	26	428.0977197
1991	11	27	434.2546102
1991	11	28	403.7623
1991	11	29	397.7522115
1991	11	30	421.9698994
1991	12	1	421.9698994
1991	12	2	421.9698994
1991	12	3	403.7623
1991	12	4	385.8216087
1991	12	5	385.8216087
1991	12	6	368.151987
1991	12	7	368.151987
1991	12	8	374.0114772
1991	12	9	374.0114772
1991	12	10	374.0114772
1991	12	11	368.151987
1991	12	12	379.9014049
1991	12	13	379.9014049
1991	12	14	362.3230983
1991	12	15	391.7719297
1991	12	16	379.9014049
1991	12	17	391.7719297
1991	12	18	421.9698994
1991	12	19	397.7522115
1991	12	20	409.8020434
1991	12	21	391.7719297
1991	12	22	379.9014049
1991	12	23	385.8216087
1991	12	24	391.7719297
1991	12	25	391.7719297
1991	12	26	415.8712923
1991	12	27	428.0977197
1991	12	28	428.0977197
1991	12	29	421.9698994
1991	12	30	434.2546102
1991	12	31	446.6550398
1992	1	1	446.6550398
1992	1	2	409.8020434
1992	1	3	409.8020434
1992	1	4	421.9698994
1992	1	5	434.2546102
1992	1	6	415.8712923
1992	1	7	409.8020434
1992	1	8	434.2546102
1992	1	9	428.0977197
1992	1	10	434.2546102
1992	1	11	434.2546102
1992	1	12	440.4404298
1992	1	13	428.0977197
1992	1	14	440.4404298
1992	1	15	440.4404298
1992	1	16	434.2546102
1992	1	17	440.4404298
1992	1	18	446.6550398
1992	1	19	446.6550398
1992	1	20	434.2546102
1992	1	21	428.0977197
1992	1	22	409.8020434
1992	1	23	391.7719297
1992	1	24	385.8216087
1992	1	25	374.0114772
1992	1	26	368.151987
1992	1	27	339.3169335
1992	1	28	350.757795
1992	1	29	356.5249779
1992	1	30	350.757795
1992	1	31	385.8216087
1992	2	1	391.7719297
1992	2	2	368.151987
1992	2	3	379.9014049
1992	2	4	385.8216087
1992	2	5	385.8216087
1992	2	6	385.8216087
1992	2	7	374.0114772
1992	2	8	356.5249779
1992	2	9	385.8216087
1992	2	10	385.8216087
1992	2	11	391.7719297
1992	2	12	379.9014049
1992	2	13	385.8216087
1992	2	14	385.8216087
1992	2	15	385.8216087
1992	2	16	385.8216087
1992	2	17	379.9014049
1992	2	18	379.9014049
1992	2	19	385.8216087
1992	2	20	391.7719297
1992	2	21	379.9014049
1992	2	22	391.7719297
1992	2	23	385.8216087
1992	2	24	397.7522115
1992	2	25	403.7623
1992	2	26	415.8712923
1992	2	27	368.151987
1992	2	28	374.0114772
1992	2	29	385.8216087
1992	3	1	379.9014049
1992	3	2	362.3230983
1992	3	3	362.3230983
1992	3	4	356.5249779
1992	3	5	345.0217219
1992	3	6	362.3230983
1992	3	7	368.151987
1992	3	8	385.8216087
1992	3	9	368.151987
1992	3	10	362.3230983
1992	3	11	374.0114772
1992	3	12	385.8216087
1992	3	13	374.0114772
1992	3	14	374.0114772
1992	3	15	391.7719297
1992	3	16	379.9014049
1992	3	17	385.8216087
1992	3	18	374.0114772
1992	3	19	350.757795
1992	3	20	362.3230983
1992	3	21	374.0114772
1992	3	22	374.0114772
1992	3	23	403.7623
1992	3	24	421.9698994
1992	3	25	465.4702518
1992	3	26	446.6550398
1992	3	27	397.7522115
1992	3	28	409.8020434
1992	3	29	409.8020434
1992	3	30	421.9698994
1992	3	31	409.8020434
1992	4	1	397.7522115
1992	4	2	374.0114772
1992	4	3	362.3230983
1992	4	4	350.757795
1992	4	5	379.9014049
1992	4	6	403.7623
1992	4	7	391.7719297
1992	4	8	374.0114772
1992	4	9	379.9014049
1992	4	10	761.5919041
1992	4	11	1641.728895
1992	4	12	1481.736958
1992	4	13	1187.075747
1992	4	14	899.088746
1992	4	15	645.8626884
1992	4	16	543.2402057
1992	4	17	490.952171
1992	4	18	490.952171
1992	4	19	421.9698994
1992	4	20	415.8712923
1992	4	21	459.1700849
1992	4	22	503.86011
1992	4	23	597.2443308
1992	4	24	478.1552175
1992	4	25	440.4404298
1992	4	26	459.1700849
1992	4	27	452.8983032
1992	4	28	446.6550398
1992	4	29	415.8712923
1992	4	30	397.7522115
1992	5	1	403.7623
1992	5	2	345.0217219
1992	5	3	356.5249779
1992	5	4	350.757795
1992	5	5	368.151987
1992	5	6	350.757795
1992	5	7	440.4404298
1992	5	8	732.0728747
1992	5	9	791.493271
1992	5	10	563.293691
1992	5	11	497.3923289
1992	5	12	530.0050663
1992	5	13	465.4702518
1992	5	14	465.4702518
1992	5	15	497.3923289
1992	5	16	440.4404298
1992	5	17	440.4404298
1992	5	18	385.8216087
1992	5	19	428.0977197
1992	5	20	397.7522115
1992	5	21	374.0114772
1992	5	22	368.151987
1992	5	23	362.3230983
1992	5	24	379.9014049
1992	5	25	409.8020434
1992	5	26	434.2546102
1992	5	27	403.7623
1992	5	28	362.3230983
1992	5	29	362.3230983
1992	5	30	368.151987
1992	5	31	385.8216087
1992	6	1	374.0114772
1992	6	2	362.3230983
1992	6	3	368.151987
1992	6	4	305.7553713
1992	6	5	362.3230983
1992	6	6	385.8216087
1992	6	7	397.7522115
1992	6	8	403.7623
1992	6	9	397.7522115
1992	6	10	415.8712923
1992	6	11	397.7522115
1992	6	12	391.7719297
1992	6	13	362.3230983
1992	6	14	379.9014049
1992	6	15	368.151987
1992	6	16	374.0114772
1992	6	17	350.757795
1992	6	18	333.643608
1992	6	19	368.151987
1992	6	20	421.9698994
1992	6	21	434.2546102
1992	6	22	415.8712923
1992	6	23	403.7623
1992	6	24	403.7623
1992	6	25	428.0977197
1992	6	26	421.9698994
1992	6	27	471.7986725
1992	6	28	391.7719297
1992	6	29	391.7719297
1992	6	30	1127.390384
1992	7	1	385.8216087
1992	7	2	385.8216087
1992	7	3	415.8712923
1992	7	4	415.8712923
1992	7	5	434.2546102
1992	7	6	471.7986725
1992	7	7	484.5397591
1992	7	8	523.4279887
1992	7	9	503.86011
1992	7	10	516.8780588
1992	7	11	490.952171
1992	7	12	497.3923289
1992	7	13	391.7719297
1992	7	14	536.6091765
1992	7	15	563.293691
1992	7	16	563.293691
1992	7	17	994.8446797
1992	7	18	2111.224689
1992	7	19	2606.932989
1992	7	20	2247.806022
1992	7	21	1187.075747
1992	7	22	652.9100271
1992	7	23	583.5854861
1992	7	24	570.0312868
1992	7	25	536.6091765
1992	7	26	543.2402057
1992	7	27	556.5825732
1992	7	28	536.6091765
1992	7	29	484.5397591
1992	7	30	503.86011
1992	7	31	497.3923289
1992	8	1	503.86011
1992	8	2	516.8780588
1992	8	3	530.0050663
1992	8	4	536.6091765
1992	8	5	549.8980415
1992	8	6	536.6091765
1992	8	7	516.8780588
1992	8	8	530.0050663
1992	8	9	536.6091765
1992	8	10	563.293691
1992	8	11	549.8980415
1992	8	12	556.5825732
1992	8	13	604.1127379
1992	8	14	556.5825732
1992	8	15	570.0312868
1992	8	16	590.4018795
1992	8	17	576.7952538
1992	8	18	576.7952538
1992	8	19	597.2443308
1992	8	20	631.8439261
1992	8	21	490.952171
1992	8	22	452.8983032
1992	8	23	497.3923289
1992	8	24	452.8983032
1992	8	25	739.4165082
1992	8	26	1060.434275
1992	8	27	1509.576251
1992	8	28	1490.997724
1992	8	29	954.5583766
1992	8	30	624.8726921
1992	8	31	490.952171
1992	9	1	611.0070001
1992	9	2	549.8980415
1992	9	3	536.6091765
1992	9	4	543.2402057
1992	9	5	604.1127379
1992	9	6	563.293691
1992	9	7	576.7952538
1992	9	8	415.8712923
1992	9	9	490.952171
1992	9	10	543.2402057
1992	9	11	536.6091765
1992	9	12	516.8780588
1992	9	13	484.5397591
1992	9	14	440.4404298
1992	9	15	478.1552175
1992	9	16	403.7623
1992	9	17	397.7522115
1992	9	18	415.8712923
1992	9	19	465.4702518
1992	9	20	446.6550398
1992	9	21	434.2546102
1992	9	22	428.0977197
1992	9	23	415.8712923
1992	9	24	556.5825732
1992	9	25	2142.492342
1992	9	26	1826.82948
1992	9	27	1408.340155
1992	9	28	1068.729652
1992	9	29	776.495111
1992	9	30	631.8439261
1992	10	1	563.293691
1992	10	2	590.4018795
1992	10	3	583.5854861
1992	10	4	611.0070001
1992	10	5	631.8439261
1992	10	6	604.1127379
1992	10	7	523.4279887
1992	10	8	503.86011
1992	10	9	446.6550398
1992	10	10	415.8712923
1992	10	11	428.0977197
1992	10	12	385.8216087
1992	10	13	345.0217219
1992	10	14	368.151987
1992	10	15	362.3230983
1992	10	16	385.8216087
1992	10	17	379.9014049
1992	10	18	397.7522115
1992	10	19	415.8712923
1992	10	20	421.9698994
1992	10	21	434.2546102
1992	10	22	385.8216087
1992	10	23	391.7719297
1992	10	24	368.151987
1992	10	25	356.5249779
1992	10	26	345.0217219
1992	10	27	322.3920729
1992	10	28	333.643608
1992	10	29	350.757795
1992	10	30	339.3169335
1992	10	31	368.151987
1992	11	1	368.151987
1992	11	2	379.9014049
1992	11	3	362.3230983
1992	11	4	374.0114772
1992	11	5	362.3230983
1992	11	6	379.9014049
1992	11	7	356.5249779
1992	11	8	368.151987
1992	11	9	374.0114772
1992	11	10	368.151987
1992	11	11	374.0114772
1992	11	12	362.3230983
1992	11	13	362.3230983
1992	11	14	356.5249779
1992	11	15	311.2686028
1992	11	16	316.8142348
1992	11	17	345.0217219
1992	11	18	385.8216087
1992	11	19	391.7719297
1992	11	20	484.5397591
1992	11	21	428.0977197
1992	11	22	374.0114772
1992	11	23	391.7719297
1992	11	24	379.9014049
1992	11	25	385.8216087
1992	11	26	374.0114772
1992	11	27	374.0114772
1992	11	28	362.3230983
1992	11	29	368.151987
1992	11	30	379.9014049
1992	12	1	379.9014049
1992	12	2	391.7719297
1992	12	3	379.9014049
1992	12	4	374.0114772
1992	12	5	374.0114772
1992	12	6	374.0114772
1992	12	7	397.7522115
1992	12	8	403.7623
1992	12	9	374.0114772
1992	12	10	385.8216087
1992	12	11	345.0217219
1992	12	12	356.5249779
1992	12	13	379.9014049
1992	12	14	350.757795
1992	12	15	368.151987
1992	12	16	374.0114772
1992	12	17	379.9014049
1992	12	18	374.0114772
1992	12	19	385.8216087
1992	12	20	397.7522115
1992	12	21	379.9014049
1992	12	22	391.7719297
1992	12	23	368.151987
1992	12	24	362.3230983
1992	12	25	350.757795
1992	12	26	362.3230983
1992	12	27	362.3230983
1992	12	28	368.151987
1992	12	29	374.0114772
1992	12	30	391.7719297
1992	12	31	379.9014049
1993	1	1	391.7719297
1993	1	2	391.7719297
1993	1	3	415.8712923
1993	1	4	409.8020434
1993	1	5	391.7719297
1993	1	6	385.8216087
1993	1	7	368.151987
1993	1	8	362.3230983
1993	1	9	362.3230983
1993	1	10	374.0114772
1993	1	11	374.0114772
1993	1	12	385.8216087
1993	1	13	379.9014049
1993	1	14	379.9014049
1993	1	15	385.8216087
1993	1	16	385.8216087
1993	1	17	409.8020434
1993	1	18	379.9014049
1993	1	19	397.7522115
1993	1	20	362.3230983
1993	1	21	362.3230983
1993	1	22	350.757795
1993	1	23	339.3169335
1993	1	24	339.3169335
1993	1	25	368.151987
1993	1	26	362.3230983
1993	1	27	350.757795
1993	1	28	339.3169335
1993	1	29	350.757795
1993	1	30	362.3230983
1993	1	31	345.0217219
1993	2	1	345.0217219
1993	2	2	345.0217219
1993	2	3	356.5249779
1993	2	4	350.757795
1993	2	5	345.0217219
1993	2	6	350.757795
1993	2	7	345.0217219
1993	2	8	322.3920729
1993	2	9	322.3920729
1993	2	10	379.9014049
1993	2	11	391.7719297
1993	2	12	362.3230983
1993	2	13	345.0217219
1993	2	14	350.757795
1993	2	15	362.3230983
1993	2	16	379.9014049
1993	2	17	379.9014049
1993	2	18	368.151987
1993	2	19	368.151987
1993	2	20	379.9014049
1993	2	21	397.7522115
1993	2	22	397.7522115
1993	2	23	403.7623
1993	2	24	415.8712923
1993	2	25	415.8712923
1993	2	26	415.8712923
1993	2	27	397.7522115
1993	2	28	374.0114772
1993	3	1	350.757795
1993	3	2	356.5249779
1993	3	3	374.0114772
1993	3	4	391.7719297
1993	3	5	374.0114772
1993	3	6	356.5249779
1993	3	7	350.757795
1993	3	8	328.0019264
1993	3	9	322.3920729
1993	3	10	300.2747376
1993	3	11	328.0019264
1993	3	12	316.8142348
1993	3	13	339.3169335
1993	3	14	345.0217219
1993	3	15	350.757795
1993	3	16	356.5249779
1993	3	17	397.7522115
1993	3	18	397.7522115
1993	3	19	374.0114772
1993	3	20	374.0114772
1993	3	21	356.5249779
1993	3	22	328.0019264
1993	3	23	322.3920729
1993	3	24	368.151987
1993	3	25	356.5249779
1993	3	26	350.757795
1993	3	27	350.757795
1993	3	28	345.0217219
1993	3	29	350.757795
1993	3	30	368.151987
1993	3	31	379.9014049
1993	4	1	385.8216087
1993	4	2	379.9014049
1993	4	3	379.9014049
1993	4	4	368.151987
1993	4	5	368.151987
1993	4	6	345.0217219
1993	4	7	345.0217219
1993	4	8	339.3169335
1993	4	9	339.3169335
1993	4	10	350.757795
1993	4	11	374.0114772
1993	4	12	397.7522115
1993	4	13	385.8216087
1993	4	14	362.3230983
1993	4	15	339.3169335
1993	4	16	356.5249779
1993	4	17	356.5249779
1993	4	18	374.0114772
1993	4	19	379.9014049
1993	4	20	362.3230983
1993	4	21	345.0217219
1993	4	22	350.757795
1993	4	23	362.3230983
1993	4	24	368.151987
1993	4	25	391.7719297
1993	4	26	428.0977197
1993	4	27	421.9698994
1993	4	28	415.8712923
1993	4	29	490.952171
1993	4	30	530.0050663
1993	5	1	556.5825732
1993	5	2	459.1700849
1993	5	3	717.458347
1993	5	4	478.1552175
1993	5	5	362.3230983
1993	5	6	490.952171
1993	5	7	490.952171
1993	5	8	497.3923289
1993	5	9	490.952171
1993	5	10	415.8712923
1993	5	11	379.9014049
1993	5	12	478.1552175
1993	5	13	465.4702518
1993	5	14	611.0070001
1993	5	15	1011.112359
1993	5	16	1836.751055
1993	5	17	1444.884825
1993	5	18	938.5983114
1993	5	19	783.9823607
1993	5	20	604.1127379
1993	5	21	510.3553932
1993	5	22	497.3923289
1993	5	23	428.0977197
1993	5	24	465.4702518
1993	5	25	478.1552175
1993	5	26	490.952171
1993	5	27	497.3923289
1993	5	28	452.8983032
1993	5	29	446.6550398
1993	5	30	440.4404298
1993	5	31	459.1700849
1993	6	1	385.8216087
1993	6	2	556.5825732
1993	6	3	478.1552175
1993	6	4	510.3553932
1993	6	5	446.6550398
1993	6	6	465.4702518
1993	6	7	440.4404298
1993	6	8	459.1700849
1993	6	9	440.4404298
1993	6	10	409.8020434
1993	6	11	409.8020434
1993	6	12	409.8020434
1993	6	13	536.6091765
1993	6	14	583.5854861
1993	6	15	446.6550398
1993	6	16	563.293691
1993	6	17	510.3553932
1993	6	18	452.8983032
1993	6	19	415.8712923
1993	6	20	397.7522115
1993	6	21	385.8216087
1993	6	22	391.7719297
1993	6	23	391.7719297
1993	6	24	397.7522115
1993	6	25	409.8020434
1993	6	26	409.8020434
1993	6	27	409.8020434
1993	6	28	459.1700849
1993	6	29	938.5983114
1993	6	30	1709.163988
1993	7	1	2132.052948
1993	7	2	1670.519977
1993	7	3	938.5983114
1993	7	4	516.8780588
1993	7	5	434.2546102
1993	7	6	421.9698994
1993	7	7	403.7623
1993	7	8	368.151987
1993	7	9	368.151987
1993	7	10	397.7522115
1993	7	11	379.9014049
1993	7	12	516.8780588
1993	7	13	440.4404298
1993	7	14	3112.277617
1993	7	15	5591.699746
1993	7	16	4903.973413
1993	7	17	3485.628492
1993	7	18	2463.367659
1993	7	19	2090.463988
1993	7	20	1967.331413
1993	7	21	1318.341479
1993	7	22	860.1437829
1993	7	23	695.7196605
1993	7	24	590.4018795
1993	7	25	549.8980415
1993	7	26	563.293691
1993	7	27	563.293691
1993	7	28	576.7952538
1993	7	29	806.5857677
1993	7	30	1399.252342
1993	7	31	1435.719728
1993	8	1	1239.036606
1993	8	2	1417.447351
1993	8	3	2496.259642
1993	8	4	3821.976404
1993	8	5	3696.213329
1993	8	6	2430.619909
1993	8	7	1345.134955
1993	8	8	1300.578211
1993	8	9	2878.920581
1993	8	10	5822.631056
1993	8	11	6914.505243
1993	8	12	6368.317661
1993	8	13	5808.107722
1993	8	14	5321.503994
1993	8	15	3885.376453
1993	8	16	2844.437387
1993	8	17	2948.296757
1993	8	18	2573.564874
1993	8	19	1748.098378
1993	8	20	1169.919289
1993	8	21	3834.628874
1993	8	22	4591.57817
1993	8	23	3171.547979
1993	8	24	2142.492342
1993	8	25	1399.252342
1993	8	26	1463.272624
1993	8	27	2584.671821
1993	8	28	2798.673537
1993	8	29	2452.435684
1993	8	30	1641.728895
1993	8	31	986.7435376
1993	9	1	688.5226011
1993	9	2	631.8439261
1993	9	3	543.2402057
1993	9	4	543.2402057
1993	9	5	530.0050663
1993	9	6	465.4702518
1993	9	7	446.6550398
1993	9	8	478.1552175
1993	9	9	490.952171
1993	9	10	510.3553932
1993	9	11	523.4279887
1993	9	12	503.86011
1993	9	13	452.8983032
1993	9	14	409.8020434
1993	9	15	421.9698994
1993	9	16	409.8020434
1993	9	17	415.8712923
1993	9	18	415.8712923
1993	9	19	617.9270177
1993	9	20	938.5983114
1993	9	21	583.5854861
1993	9	22	543.2402057
1993	9	23	510.3553932
1993	9	24	543.2402057
1993	9	25	503.86011
1993	9	26	446.6550398
1993	9	27	452.8983032
1993	9	28	471.7986725
1993	9	29	452.8983032
1993	9	30	391.7719297
1993	10	1	379.9014049
1993	10	2	350.757795
1993	10	3	339.3169335
1993	10	4	350.757795
1993	10	5	339.3169335
1993	10	6	397.7522115
1993	10	7	484.5397591
1993	10	8	459.1700849
1993	10	9	428.0977197
1993	10	10	471.7986725
1993	10	11	434.2546102
1993	10	12	403.7623
1993	10	13	440.4404298
1993	10	14	446.6550398
1993	10	15	379.9014049
1993	10	16	415.8712923
1993	10	17	397.7522115
1993	10	18	415.8712923
1993	10	19	409.8020434
1993	10	20	415.8712923
1993	10	21	374.0114772
1993	10	22	421.9698994
1993	10	23	446.6550398
1993	10	24	452.8983032
1993	10	25	428.0977197
1993	10	26	440.4404298
1993	10	27	490.952171
1993	10	28	484.5397591
1993	10	29	379.9014049
1993	10	30	471.7986725
1993	10	31	428.0977197
1993	11	1	446.6550398
1993	11	2	465.4702518
1993	11	3	452.8983032
1993	11	4	459.1700849
1993	11	5	459.1700849
1993	11	6	484.5397591
1993	11	7	459.1700849
1993	11	8	434.2546102
1993	11	9	452.8983032
1993	11	10	459.1700849
1993	11	11	530.0050663
1993	11	12	490.952171
1993	11	13	523.4279887
1993	11	14	503.86011
1993	11	15	471.7986725
1993	11	16	434.2546102
1993	11	17	465.4702518
1993	11	18	459.1700849
1993	11	19	484.5397591
1993	11	20	478.1552175
1993	11	21	484.5397591
1993	11	22	421.9698994
1993	11	23	421.9698994
1993	11	24	536.6091765
1993	11	25	503.86011
1993	11	26	490.952171
1993	11	27	446.6550398
1993	11	28	465.4702518
1993	11	29	452.8983032
1993	11	30	471.7986725
1993	12	1	440.4404298
1993	12	2	465.4702518
1993	12	3	465.4702518
1993	12	4	471.7986725
1993	12	5	471.7986725
1993	12	6	471.7986725
1993	12	7	440.4404298
1993	12	8	478.1552175
1993	12	9	478.1552175
1993	12	10	478.1552175
1993	12	11	440.4404298
1993	12	12	434.2546102
1993	12	13	409.8020434
1993	12	14	403.7623
1993	12	15	403.7623
1993	12	16	409.8020434
1993	12	17	403.7623
1993	12	18	403.7623
1993	12	19	409.8020434
1993	12	20	428.0977197
1993	12	21	397.7522115
1993	12	22	415.8712923
1993	12	23	350.757795
1993	12	24	385.8216087
1993	12	25	428.0977197
1993	12	26	440.4404298
1993	12	27	409.8020434
1993	12	28	403.7623
1993	12	29	397.7522115
1993	12	30	415.8712923
1993	12	31	409.8020434
1994	1	1	409.8020434
1994	1	2	397.7522115
1994	1	3	397.7522115
1994	1	4	409.8020434
1994	1	5	403.7623
1994	1	6	409.8020434
1994	1	7	440.4404298
1994	1	8	391.7719297
1994	1	9	362.3230983
1994	1	10	311.2686028
1994	1	11	954.5583766
1994	1	12	289.4120732
1994	1	13	300.2747376
1994	1	14	273.367717
1994	1	15	273.367717
1994	1	16	278.6822651
1994	1	17	316.8142348
1994	1	18	339.3169335
1994	1	19	356.5249779
1994	1	20	374.0114772
1994	1	21	397.7522115
1994	1	22	415.8712923
1994	1	23	428.0977197
1994	1	24	379.9014049
1994	1	25	350.757795
1994	1	26	350.757795
1994	1	27	289.4120732
1994	1	28	300.2747376
1994	1	29	362.3230983
1994	1	30	345.0217219
1994	1	31	328.0019264
1994	2	1	311.2686028
1994	2	2	345.0217219
1994	2	3	350.757795
1994	2	4	350.757795
1994	2	5	362.3230983
1994	2	6	356.5249779
1994	2	7	356.5249779
1994	2	8	300.2747376
1994	2	9	333.643608
1994	2	10	350.757795
1994	2	11	362.3230983
1994	2	12	362.3230983
1994	2	13	350.757795
1994	2	14	356.5249779
1994	2	15	362.3230983
1994	2	16	345.0217219
1994	2	17	362.3230983
1994	2	18	356.5249779
1994	2	19	356.5249779
1994	2	20	350.757795
1994	2	21	356.5249779
1994	2	22	374.0114772
1994	2	23	362.3230983
1994	2	24	356.5249779
1994	2	25	345.0217219
1994	2	26	350.757795
1994	2	27	339.3169335
1994	2	28	328.0019264
1994	3	1	333.643608
1994	3	2	328.0019264
1994	3	3	316.8142348
1994	3	4	322.3920729
1994	3	5	333.643608
1994	3	6	356.5249779
1994	3	7	322.3920729
1994	3	8	339.3169335
1994	3	9	379.9014049
1994	3	10	391.7719297
1994	3	11	391.7719297
1994	3	12	379.9014049
1994	3	13	362.3230983
1994	3	14	350.757795
1994	3	15	385.8216087
1994	3	16	339.3169335
1994	3	17	415.8712923
1994	3	18	397.7522115
1994	3	19	305.7553713
1994	3	20	328.0019264
1994	3	21	452.8983032
1994	3	22	397.7522115
1994	3	23	333.643608
1994	3	24	356.5249779
1994	3	25	379.9014049
1994	3	26	362.3230983
1994	3	27	397.7522115
1994	3	28	428.0977197
1994	3	29	333.643608
1994	3	30	278.6822651
1994	3	31	322.3920729
1994	4	1	345.0217219
1994	4	2	391.7719297
1994	4	3	374.0114772
1994	4	4	316.8142348
1994	4	5	333.643608
1994	4	6	350.757795
1994	4	7	362.3230983
1994	4	8	356.5249779
1994	4	9	289.4120732
1994	4	10	294.8269033
1994	4	11	385.8216087
1994	4	12	333.643608
1994	4	13	379.9014049
1994	4	14	397.7522115
1994	4	15	311.2686028
1994	4	16	345.0217219
1994	4	17	350.757795
1994	4	18	350.757795
1994	4	19	385.8216087
1994	4	20	333.643608
1994	4	21	339.3169335
1994	4	22	362.3230983
1994	4	23	350.757795
1994	4	24	333.643608
1994	4	25	311.2686028
1994	4	26	305.7553713
1994	4	27	356.5249779
1994	4	28	403.7623
1994	4	29	440.4404298
1994	4	30	459.1700849
1994	5	1	434.2546102
1994	5	2	452.8983032
1994	5	3	471.7986725
1994	5	4	459.1700849
1994	5	5	478.1552175
1994	5	6	452.8983032
1994	5	7	391.7719297
1994	5	8	446.6550398
1994	5	9	446.6550398
1994	5	10	415.8712923
1994	5	11	368.151987
1994	5	12	452.8983032
1994	5	13	452.8983032
1994	5	14	421.9698994
1994	5	15	503.86011
1994	5	16	543.2402057
1994	5	17	590.4018795
1994	5	18	590.4018795
1994	5	19	536.6091765
1994	5	20	484.5397591
1994	5	21	503.86011
1994	5	22	490.952171
1994	5	23	440.4404298
1994	5	24	391.7719297
1994	5	25	497.3923289
1994	5	26	415.8712923
1994	5	27	397.7522115
1994	5	28	440.4404298
1994	5	29	446.6550398
1994	5	30	471.7986725
1994	5	31	465.4702518
1994	6	1	471.7986725
1994	6	2	471.7986725
1994	6	3	471.7986725
1994	6	4	459.1700849
1994	6	5	440.4404298
1994	6	6	446.6550398
1994	6	7	459.1700849
1994	6	8	428.0977197
1994	6	9	333.643608
1994	6	10	345.0217219
1994	6	11	391.7719297
1994	6	12	428.0977197
1994	6	13	434.2546102
1994	6	14	440.4404298
1994	6	15	440.4404298
1994	6	16	459.1700849
1994	6	17	465.4702518
1994	6	18	434.2546102
1994	6	19	484.5397591
1994	6	20	484.5397591
1994	6	21	465.4702518
1994	6	22	440.4404298
1994	6	23	440.4404298
1994	6	24	421.9698994
1994	6	25	434.2546102
1994	6	26	421.9698994
1994	6	27	434.2546102
1994	6	28	446.6550398
1994	6	29	484.5397591
1994	6	30	503.86011
1994	7	1	523.4279887
1994	7	2	970.6069523
1994	7	3	994.8446797
1994	7	4	761.5919041
1994	7	5	497.3923289
1994	7	6	428.0977197
1994	7	7	428.0977197
1994	7	8	428.0977197
1994	7	9	421.9698994
1994	7	10	415.8712923
1994	7	11	409.8020434
1994	7	12	421.9698994
1994	7	13	421.9698994
1994	7	14	409.8020434
1994	7	15	409.8020434
1994	7	16	415.8712923
1994	7	17	409.8020434
1994	7	18	415.8712923
1994	7	19	421.9698994
1994	7	20	428.0977197
1994	7	21	403.7623
1994	7	22	385.8216087
1994	7	23	368.151987
1994	7	24	368.151987
1994	7	25	403.7623
1994	7	26	403.7623
1994	7	27	421.9698994
1994	7	28	397.7522115
1994	7	29	403.7623
1994	7	30	391.7719297
1994	7	31	530.0050663
1994	8	1	523.4279887
1994	8	2	497.3923289
1994	8	3	434.2546102
1994	8	4	465.4702518
1994	8	5	434.2546102
1994	8	6	440.4404298
1994	8	7	385.8216087
1994	8	8	397.7522115
1994	8	9	421.9698994
1994	8	10	440.4404298
1994	8	11	452.8983032
1994	8	12	497.3923289
1994	8	13	490.952171
1994	8	14	516.8780588
1994	8	15	471.7986725
1994	8	16	440.4404298
1994	8	17	446.6550398
1994	8	18	421.9698994
1994	8	19	421.9698994
1994	8	20	409.8020434
1994	8	21	397.7522115
1994	8	22	403.7623
1994	8	23	397.7522115
1994	8	24	403.7623
1994	8	25	403.7623
1994	8	26	428.0977197
1994	8	27	459.1700849
1994	8	28	465.4702518
1994	8	29	434.2546102
1994	8	30	391.7719297
1994	8	31	497.3923289
1994	9	1	459.1700849
1994	9	2	428.0977197
1994	9	3	434.2546102
1994	9	4	459.1700849
1994	9	5	459.1700849
1994	9	6	459.1700849
1994	9	7	452.8983032
1994	9	8	379.9014049
1994	9	9	403.7623
1994	9	10	385.8216087
1994	9	11	391.7719297
1994	9	12	385.8216087
1994	9	13	385.8216087
1994	9	14	385.8216087
1994	9	15	391.7719297
1994	9	16	415.8712923
1994	9	17	409.8020434
1994	9	18	403.7623
1994	9	19	403.7623
1994	9	20	391.7719297
1994	9	21	397.7522115
1994	9	22	391.7719297
1994	9	23	385.8216087
1994	9	24	397.7522115
1994	9	25	379.9014049
1994	9	26	300.2747376
1994	9	27	284.0304562
1994	9	28	305.7553713
1994	9	29	350.757795
1994	9	30	350.757795
1994	10	1	339.3169335
1994	10	2	339.3169335
1994	10	3	350.757795
1994	10	4	345.0217219
1994	10	5	339.3169335
1994	10	6	339.3169335
1994	10	7	345.0217219
1994	10	8	350.757795
1994	10	9	333.643608
1994	10	10	345.0217219
1994	10	11	490.952171
1994	10	12	478.1552175
1994	10	13	510.3553932
1994	10	14	523.4279887
1994	10	15	503.86011
1994	10	16	446.6550398
1994	10	17	421.9698994
1994	10	18	409.8020434
1994	10	19	397.7522115
1994	10	20	385.8216087
1994	10	21	391.7719297
1994	10	22	428.0977197
1994	10	23	397.7522115
1994	10	24	421.9698994
1994	10	25	421.9698994
1994	10	26	403.7623
1994	10	27	421.9698994
1994	10	28	415.8712923
1994	10	29	409.8020434
1994	10	30	421.9698994
1994	10	31	403.7623
1994	11	1	397.7522115
1994	11	2	385.8216087
1994	11	3	385.8216087
1994	11	4	397.7522115
1994	11	5	391.7719297
1994	11	6	385.8216087
1994	11	7	385.8216087
1994	11	8	379.9014049
1994	11	9	409.8020434
1994	11	10	385.8216087
1994	11	11	391.7719297
1994	11	12	397.7522115
1994	11	13	379.9014049
1994	11	14	391.7719297
1994	11	15	397.7522115
1994	11	16	385.8216087
1994	11	17	409.8020434
1994	11	18	391.7719297
1994	11	19	385.8216087
1994	11	20	385.8216087
1994	11	21	385.8216087
1994	11	22	391.7719297
1994	11	23	391.7719297
1994	11	24	391.7719297
1994	11	25	368.151987
1994	11	26	385.8216087
1994	11	27	391.7719297
1994	11	28	403.7623
1994	11	29	379.9014049
1994	11	30	391.7719297
1994	12	1	385.8216087
1994	12	2	379.9014049
1994	12	3	391.7719297
1994	12	4	385.8216087
1994	12	5	391.7719297
1994	12	6	374.0114772
1994	12	7	368.151987
1994	12	8	374.0114772
1994	12	9	333.643608
1994	12	10	339.3169335
1994	12	11	322.3920729
1994	12	12	322.3920729
1994	12	13	322.3920729
1994	12	14	305.7553713
1994	12	15	311.2686028
1994	12	16	311.2686028
1994	12	17	305.7553713
1994	12	18	316.8142348
1994	12	19	311.2686028
1994	12	20	305.7553713
1994	12	21	311.2686028
1994	12	22	322.3920729
1994	12	23	316.8142348
1994	12	24	322.3920729
1994	12	25	316.8142348
1994	12	26	322.3920729
1994	12	27	322.3920729
1994	12	28	322.3920729
1994	12	29	345.0217219
1994	12	30	368.151987
1994	12	31	-9999
1995	1	1	379.9014049
1995	1	2	379.9014049
1995	1	3	379.9014049
1995	1	4	374.0114772
1995	1	5	379.9014049
1995	1	6	379.9014049
1995	1	7	379.9014049
1995	1	8	379.9014049
1995	1	9	379.9014049
1995	1	10	403.7623
1995	1	11	403.7623
1995	1	12	403.7623
1995	1	13	391.7719297
1995	1	14	391.7719297
1995	1	15	403.7623
1995	1	16	391.7719297
1995	1	17	391.7719297
1995	1	18	397.7522115
1995	1	19	397.7522115
1995	1	20	403.7623
1995	1	21	391.7719297
1995	1	22	403.7623
1995	1	23	403.7623
1995	1	24	403.7623
1995	1	25	409.8020434
1995	1	26	415.8712923
1995	1	27	428.0977197
1995	1	28	452.8983032
1995	1	29	459.1700849
1995	1	30	484.5397591
1995	1	31	497.3923289
1995	2	1	510.3553932
1995	2	2	523.4279887
1995	2	3	556.5825732
1995	2	4	563.293691
1995	2	5	563.293691
1995	2	6	576.7952538
1995	2	7	583.5854861
1995	2	8	583.5854861
1995	2	9	590.4018795
1995	2	10	590.4018795
1995	2	11	590.4018795
1995	2	12	583.5854861
1995	2	13	583.5854861
1995	2	14	583.5854861
1995	2	15	570.0312868
1995	2	16	549.8980415
1995	2	17	556.5825732
1995	2	18	570.0312868
1995	2	19	563.293691
1995	2	20	570.0312868
1995	2	21	563.293691
1995	2	22	563.293691
1995	2	23	556.5825732
1995	2	24	549.8980415
1995	2	25	556.5825732
1995	2	26	556.5825732
1995	2	27	563.293691
1995	2	28	536.6091765
1995	3	1	549.8980415
1995	3	2	549.8980415
1995	3	3	549.8980415
1995	3	4	536.6091765
1995	3	5	549.8980415
1995	3	6	563.293691
1995	3	7	549.8980415
1995	3	8	563.293691
1995	3	9	563.293691
1995	3	10	536.6091765
1995	3	11	549.8980415
1995	3	12	549.8980415
1995	3	13	563.293691
1995	3	14	549.8980415
1995	3	15	563.293691
1995	3	16	556.5825732
1995	3	17	563.293691
1995	3	18	549.8980415
1995	3	19	549.8980415
1995	3	20	536.6091765
1995	3	21	556.5825732
1995	3	22	556.5825732
1995	3	23	549.8980415
1995	3	24	536.6091765
1995	3	25	536.6091765
1995	3	26	452.8983032
1995	3	27	268.0870329
1995	3	28	160.9917918
1995	3	29	252.4504432
1995	3	30	339.3169335
1995	3	31	362.3230983
1995	4	1	374.0114772
1995	4	2	409.8020434
1995	4	3	428.0977197
1995	4	4	446.6550398
1995	4	5	452.8983032
1995	4	6	478.1552175
1995	4	7	503.86011
1995	4	8	530.0050663
1995	4	9	556.5825732
1995	4	10	523.4279887
1995	4	11	510.3553932
1995	4	12	503.86011
1995	4	13	471.7986725
1995	4	14	459.1700849
1995	4	15	478.1552175
1995	4	16	497.3923289
1995	4	17	503.86011
1995	4	18	503.86011
1995	4	19	510.3553932
1995	4	20	490.952171
1995	4	21	471.7986725
1995	4	22	549.8980415
1995	4	23	570.0312868
1995	4	24	536.6091765
1995	4	25	510.3553932
1995	4	26	576.7952538
1995	4	27	523.4279887
1995	4	28	516.8780588
1995	4	29	490.952171
1995	4	30	459.1700849
1995	5	1	440.4404298
1995	5	2	440.4404298
1995	5	3	421.9698994
1995	5	4	434.2546102
1995	5	5	409.8020434
1995	5	6	440.4404298
1995	5	7	440.4404298
1995	5	8	452.8983032
1995	5	9	452.8983032
1995	5	10	428.0977197
1995	5	11	434.2546102
1995	5	12	428.0977197
1995	5	13	434.2546102
1995	5	14	428.0977197
1995	5	15	434.2546102
1995	5	16	440.4404298
1995	5	17	415.8712923
1995	5	18	428.0977197
1995	5	19	440.4404298
1995	5	20	434.2546102
1995	5	21	452.8983032
1995	5	22	434.2546102
1995	5	23	478.1552175
1995	5	24	452.8983032
1995	5	25	452.8983032
1995	5	26	440.4404298
1995	5	27	440.4404298
1995	5	28	434.2546102
1995	5	29	434.2546102
1995	5	30	428.0977197
1995	5	31	403.7623
1995	6	1	409.8020434
1995	6	2	490.952171
1995	6	3	497.3923289
1995	6	4	490.952171
1995	6	5	471.7986725
1995	6	6	459.1700849
1995	6	7	434.2546102
1995	6	8	409.8020434
1995	6	9	421.9698994
1995	6	10	415.8712923
1995	6	11	421.9698994
1995	6	12	409.8020434
1995	6	13	428.0977197
1995	6	14	415.8712923
1995	6	15	415.8712923
1995	6	16	415.8712923
1995	6	17	403.7623
1995	6	18	415.8712923
1995	6	19	403.7623
1995	6	20	403.7623
1995	6	21	397.7522115
1995	6	22	391.7719297
1995	6	23	403.7623
1995	6	24	409.8020434
1995	6	25	415.8712923
1995	6	26	421.9698994
1995	6	27	421.9698994
1995	6	28	397.7522115
1995	6	29	409.8020434
1995	6	30	415.8712923
1995	7	1	421.9698994
1995	7	2	421.9698994
1995	7	3	421.9698994
1995	7	4	421.9698994
1995	7	5	409.8020434
1995	7	6	478.1552175
1995	7	7	379.9014049
1995	7	8	434.2546102
1995	7	9	459.1700849
1995	7	10	446.6550398
1995	7	11	428.0977197
1995	7	12	434.2546102
1995	7	13	452.8983032
1995	7	14	484.5397591
1995	7	15	471.7986725
1995	7	16	434.2546102
1995	7	17	428.0977197
1995	7	18	415.8712923
1995	7	19	428.0977197
1995	7	20	428.0977197
1995	7	21	428.0977197
1995	7	22	536.6091765
1995	7	23	829.4000751
1995	7	24	860.1437829
1995	7	25	674.2027592
1995	7	26	497.3923289
1995	7	27	549.8980415
1995	7	28	556.5825732
1995	7	29	503.86011
1995	7	30	478.1552175
1995	7	31	428.0977197
1995	8	1	428.0977197
1995	8	2	428.0977197
1995	8	3	403.7623
1995	8	4	403.7623
1995	8	5	391.7719297
1995	8	6	397.7522115
1995	8	7	247.3075168
1995	8	8	237.1270295
1995	8	9	242.199629
1995	8	10	257.6281636
1995	8	11	289.4120732
1995	8	12	339.3169335
1995	8	13	379.9014049
1995	8	14	415.8712923
1995	8	15	421.9698994
1995	8	16	421.9698994
1995	8	17	434.2546102
1995	8	18	409.8020434
1995	8	19	434.2546102
1995	8	20	421.9698994
1995	8	21	428.0977197
1995	8	22	510.3553932
1995	8	23	497.3923289
1995	8	24	583.5854861
1995	8	25	1336.184047
1995	8	26	2463.367659
1995	8	27	2529.295207
1995	8	28	1728.595025
1995	8	29	1093.743318
1995	8	30	1195.684819
1995	8	31	3351.555633
1995	9	1	4404.772912
1995	9	2	2959.912335
1995	9	3	1556.353187
1995	9	4	852.4232903
1995	9	5	667.0801542
1995	9	6	503.86011
1995	9	7	428.0977197
1995	9	8	409.8020434
1995	9	9	484.5397591
1995	9	10	478.1552175
1995	9	11	484.5397591
1995	9	12	459.1700849
1995	9	13	434.2546102
1995	9	14	415.8712923
1995	9	15	409.8020434
1995	9	16	379.9014049
1995	9	17	403.7623
1995	9	18	391.7719297
1995	9	19	374.0114772
1995	9	20	374.0114772
1995	9	21	374.0114772
1995	9	22	368.151987
1995	9	23	350.757795
1995	9	24	397.7522115
1995	9	25	403.7623
1995	9	26	356.5249779
1995	9	27	379.9014049
1995	9	28	415.8712923
1995	9	29	391.7719297
1995	9	30	391.7719297
1995	10	1	397.7522115
1995	10	2	379.9014049
1995	10	3	391.7719297
1995	10	4	391.7719297
1995	10	5	374.0114772
1995	10	6	391.7719297
1995	10	7	397.7522115
1995	10	8	403.7623
1995	10	9	403.7623
1995	10	10	374.0114772
1995	10	11	368.151987
1995	10	12	362.3230983
1995	10	13	403.7623
1995	10	14	421.9698994
1995	10	15	397.7522115
1995	10	16	409.8020434
1995	10	17	362.3230983
1995	10	18	242.199629
1995	10	19	339.3169335
1995	10	20	374.0114772
1995	10	21	403.7623
1995	10	22	379.9014049
1995	10	23	391.7719297
1995	10	24	391.7719297
1995	10	25	391.7719297
1995	10	26	397.7522115
1995	10	27	379.9014049
1995	10	28	362.3230983
1995	10	29	368.151987
1995	10	30	391.7719297
1995	10	31	374.0114772
1995	11	1	368.151987
1995	11	2	356.5249779
1995	11	3	374.0114772
1995	11	4	345.0217219
1995	11	5	207.447174
1995	11	6	217.1947015
1995	11	7	268.0870329
1995	11	8	322.3920729
1995	11	9	368.151987
1995	11	10	362.3230983
1995	11	11	350.757795
1995	11	12	374.0114772
1995	11	13	362.3230983
1995	11	14	368.151987
1995	11	15	368.151987
1995	11	16	368.151987
1995	11	17	391.7719297
1995	11	18	415.8712923
1995	11	19	428.0977197
1995	11	20	440.4404298
1995	11	21	446.6550398
1995	11	22	446.6550398
1995	11	23	452.8983032
1995	11	24	478.1552175
1995	11	25	503.86011
1995	11	26	503.86011
1995	11	27	490.952171
1995	11	28	490.952171
1995	11	29	490.952171
1995	11	30	452.8983032
1995	12	1	459.1700849
1995	12	2	452.8983032
1995	12	3	409.8020434
1995	12	4	403.7623
1995	12	5	409.8020434
1995	12	6	403.7623
1995	12	7	397.7522115
1995	12	8	379.9014049
1995	12	9	374.0114772
1995	12	10	391.7719297
1995	12	11	391.7719297
1995	12	12	397.7522115
1995	12	13	379.9014049
1995	12	14	403.7623
1995	12	15	397.7522115
1995	12	16	409.8020434
1995	12	17	391.7719297
1995	12	18	403.7623
1995	12	19	397.7522115
1995	12	20	403.7623
1995	12	21	397.7522115
1995	12	22	391.7719297
1995	12	23	391.7719297
1995	12	24	374.0114772
1995	12	25	391.7719297
1995	12	26	391.7719297
1995	12	27	391.7719297
1995	12	28	379.9014049
1995	12	29	391.7719297
1995	12	30	379.9014049
1995	12	31	-9999
