1986	1	1	116.4609067
1986	1	2	114.6664235
1986	1	3	112.8890614
1986	1	4	111.1287589
1986	1	5	109.3854541
1986	1	6	107.659085
1986	1	7	109.3854541
1986	1	8	109.3854541
1986	1	9	107.659085
1986	1	10	107.659085
1986	1	11	111.1287589
1986	1	12	109.3854541
1986	1	13	107.659085
1986	1	14	105.9495894
1986	1	15	102.5809697
1986	1	16	99.27909473
1986	1	17	97.65302954
1986	1	18	96.04346184
1986	1	19	94.45032838
1986	1	20	92.87356579
1986	1	21	91.31311049
1986	1	22	89.76889876
1986	1	23	88.24086672
1986	1	24	86.7289503
1986	1	25	85.23308529
1986	1	26	83.75320727
1986	1	27	82.28925168
1986	1	28	88.24086672
1986	1	29	100.9217205
1986	1	30	111.1287589
1986	1	31	111.1287589
1986	2	1	112.8890614
1986	2	2	111.1287589
1986	2	3	107.659085
1986	2	4	97.65302954
1986	2	5	86.7289503
1986	2	6	80.84115377
1986	2	7	79.40884862
1986	2	8	77.99227114
1986	2	9	76.59135604
1986	2	10	76.59135604
1986	2	11	75.20603786
1986	2	12	73.83625097
1986	2	13	72.48192952
1986	2	14	80.84115377
1986	2	15	94.45032838
1986	2	16	96.04346184
1986	2	17	94.45032838
1986	2	18	92.87356579
1986	2	19	92.87356579
1986	2	20	91.31311049
1986	2	21	88.24086672
1986	2	22	86.7289503
1986	2	23	85.23308529
1986	2	24	83.75320727
1986	2	25	77.99227114
1986	2	26	72.48192952
1986	2	27	65.93998699
1986	2	28	69.81941876
1986	3	1	68.51109683
1986	3	2	80.84115377
1986	3	3	94.45032838
1986	3	4	89.76889876
1986	3	5	82.28925168
1986	3	6	73.83625097
1986	3	7	68.51109683
1986	3	8	68.51109683
1986	3	9	64.67706532
1986	3	10	59.77469718
1986	3	11	56.25280764
1986	3	12	55.10798267
1986	3	13	60.97802658
1986	3	14	85.23308529
1986	3	15	137.3477214
1986	3	16	145.4742107
1986	3	17	135.3608744
1986	3	18	125.6922902
1986	3	19	127.5907881
1986	3	20	137.3477214
1986	3	21	137.3477214
1986	3	22	131.4404915
1986	3	23	129.506835
1986	3	24	125.6922902
1986	3	25	118.2725727
1986	3	26	114.6664235
1986	3	27	109.3854541
1986	3	28	102.5809697
1986	3	29	96.04346184
1986	3	30	91.31311049
1986	3	31	92.87356579
1986	4	1	89.76889876
1986	4	2	94.45032838
1986	4	3	97.65302954
1986	4	4	114.6664235
1986	4	5	109.3854541
1986	4	6	91.31311049
1986	4	7	83.75320727
1986	4	8	69.81941876
1986	4	9	60.97802658
1986	4	10	55.10798267
1986	4	11	48.5401536
1986	4	12	49.59929157
1986	4	13	71.14300752
1986	4	14	102.5809697
1986	4	15	88.24086672
1986	4	16	96.04346184
1986	4	17	89.76889876
1986	4	18	86.7289503
1986	4	19	89.76889876
1986	4	20	91.31311049
1986	4	21	86.7289503
1986	4	22	67.21797517
1986	4	23	53.97761224
1986	4	24	47.49505248
1986	4	25	45.44667888
1986	4	26	44.44326486
1986	4	27	57.41215601
1986	4	28	76.59135604
1986	4	29	76.59135604
1986	4	30	77.99227114
1986	5	1	73.83625097
1986	5	2	79.40884862
1986	5	3	79.40884862
1986	5	4	69.81941876
1986	5	5	57.41215601
1986	5	6	55.10798267
1986	5	7	49.59929157
1986	5	8	45.44667888
1986	5	9	42.47762667
1986	5	10	39.63106955
1986	5	11	38.70910227
1986	5	12	52.8616273
1986	5	13	76.59135604
1986	5	14	89.76889876
1986	5	15	94.45032838
1986	5	16	83.75320727
1986	5	17	67.21797517
1986	5	18	58.58609639
1986	5	19	59.77469718
1986	5	20	75.20603786
1986	5	21	105.9495894
1986	5	22	94.45032838
1986	5	23	77.99227114
1986	5	24	67.21797517
1986	5	25	58.58609639
1986	5	26	51.75995858
1986	5	27	46.46391779
1986	5	28	42.47762667
1986	5	29	44.44326486
1986	5	30	53.97761224
1986	5	31	58.58609639
1986	6	1	55.10798267
1986	6	2	50.67253658
1986	6	3	50.67253658
1986	6	4	53.97761224
1986	6	5	49.59929157
1986	6	6	47.49505248
1986	6	7	45.44667888
1986	6	8	42.47762667
1986	6	9	40.56643116
1986	6	10	42.47762667
1986	6	11	58.58609639
1986	6	12	59.77469718
1986	6	13	63.42914297
1986	6	14	60.97802658
1986	6	15	65.93998699
1986	6	16	80.84115377
1986	6	17	111.1287589
1986	6	18	131.4404915
1986	6	19	96.04346184
1986	6	20	64.67706532
1986	6	21	50.67253658
1986	6	22	42.47762667
1986	6	23	55.10798267
1986	6	24	147.5509068
1986	6	25	1200.876605
1986	6	26	2606.494269
1986	6	27	1155.917766
1986	6	28	490.4689535
1986	6	29	411.7274004
1986	6	30	435.6796328
1986	7	1	297.6987787
1986	7	2	213.2800822
1986	7	3	160.3942671
1986	7	4	129.506835
1986	7	5	112.8890614
1986	7	6	109.3854541
1986	7	7	102.5809697
1986	7	8	88.24086672
1986	7	9	75.20603786
1986	7	10	76.59135604
1986	7	11	94.45032838
1986	7	12	232.0843564
1986	7	13	377.3484228
1986	7	14	260.665056
1986	7	15	195.444079
1986	7	16	178.5570019
1986	7	17	549.3063347
1986	7	18	11681.90145
1986	7	19	602.3332353
1986	7	20	431.6296196
1986	7	21	549.3063347
1986	7	22	762.583946
1986	7	23	768.3298202
1986	7	24	602.3332353
1986	7	25	456.2803098
1986	7	26	307.4338357
1986	7	27	221.2193742
1986	7	28	169.3257566
1986	7	29	135.3608744
1986	7	30	96.04346184
1986	7	31	79.40884862
1986	8	1	64.67706532
1986	8	2	51.75995858
1986	8	3	50.67253658
1986	8	4	60.97802658
1986	8	5	73.83625097
1986	8	6	71.14300752
1986	8	7	63.42914297
1986	8	8	63.42914297
1986	8	9	75.20603786
1986	8	10	91.31311049
1986	8	11	127.5907881
1986	8	12	200.4423998
1986	8	13	202.9707514
1986	8	14	966.4765263
1986	8	15	1342.153469
1986	8	16	549.3063347
1986	8	17	307.4338357
1986	8	18	254.7850726
1986	8	19	221.2193742
1986	8	20	251.8759929
1986	8	21	171.6053208
1986	8	22	281.8998501
1986	8	23	423.5993136
1986	8	24	288.1558166
1986	8	25	195.444079
1986	8	26	137.3477214
1986	8	27	116.4609067
1986	8	28	102.5809697
1986	8	29	419.6189203
1986	8	30	857.732206
1986	8	31	486.1120532
1986	9	1	263.6360686
1986	9	2	195.444079
1986	9	3	197.9335279
1986	9	4	202.9707514
1986	9	5	164.8227748
1986	9	6	149.6457513
1986	9	7	135.3608744
1986	9	8	121.9476985
1986	9	9	114.6664235
1986	9	10	114.6664235
1986	9	11	112.8890614
1986	9	12	107.659085
1986	9	13	99.27909473
1986	9	14	82.28925168
1986	9	15	69.81941876
1986	9	16	64.67706532
1986	9	17	59.77469718
1986	9	18	57.41215601
1986	9	19	52.8616273
1986	9	20	56.25280764
1986	9	21	192.9739963
1986	9	22	573.036771
1986	9	23	521.6407205
1986	9	24	324.0896987
1986	9	25	221.2193742
1986	9	26	167.0649273
1986	9	27	135.3608744
1986	9	28	105.9495894
1986	9	29	180.9120842
1986	9	30	91.31311049
1986	10	1	85.23308529
1986	10	2	91.31311049
1986	10	3	94.45032838
1986	10	4	99.27909473
1986	10	5	96.04346184
1986	10	6	86.7289503
1986	10	7	77.99227114
1986	10	8	73.83625097
1986	10	9	72.48192952
1986	10	10	79.40884862
1986	10	11	169.3257566
1986	10	12	373.6419475
1986	10	13	369.9579668
1986	10	14	226.6117857
1986	10	15	171.6053208
1986	10	16	145.4742107
1986	10	17	118.2725727
1986	10	18	102.5809697
1986	10	19	92.87356579
1986	10	20	86.7289503
1986	10	21	88.24086672
1986	10	22	116.4609067
1986	10	23	147.5509068
1986	10	24	147.5509068
1986	10	25	147.5509068
1986	10	26	135.3608744
1986	10	27	125.6922902
1986	10	28	111.1287589
1986	10	29	102.5809697
1986	10	30	99.27909473
1986	10	31	99.27909473
1986	11	1	99.27909473
1986	11	2	100.9217205
1986	11	3	100.9217205
1986	11	4	100.9217205
1986	11	5	91.31311049
1986	11	6	91.31311049
1986	11	7	89.76889876
1986	11	8	85.23308529
1986	11	9	80.84115377
1986	11	10	85.23308529
1986	11	11	89.76889876
1986	11	12	86.7289503
1986	11	13	85.23308529
1986	11	14	83.75320727
1986	11	15	79.40884862
1986	11	16	77.99227114
1986	11	17	76.59135604
1986	11	18	72.48192952
1986	11	19	68.51109683
1986	11	20	63.42914297
1986	11	21	59.77469718
1986	11	22	58.58609639
1986	11	23	57.41215601
1986	11	24	56.25280764
1986	11	25	55.10798267
1986	11	26	52.8616273
1986	11	27	50.67253658
1986	11	28	48.5401536
1986	11	29	47.49505248
1986	11	30	46.46391779
1986	12	1	45.44667888
1986	12	2	44.44326486
1986	12	3	43.45360458
1986	12	4	44.44326486
1986	12	5	47.49505248
1986	12	6	52.8616273
1986	12	7	57.41215601
1986	12	8	60.97802658
1986	12	9	62.19615259
1986	12	10	60.97802658
1986	12	11	59.77469718
1986	12	12	57.41215601
1986	12	13	56.25280764
1986	12	14	55.10798267
1986	12	15	53.97761224
1986	12	16	56.25280764
1986	12	17	55.10798267
1986	12	18	55.10798267
1986	12	19	60.97802658
1986	12	20	79.40884862
1986	12	21	111.1287589
1986	12	22	116.4609067
1986	12	23	114.6664235
1986	12	24	114.6664235
1986	12	25	112.8890614
1986	12	26	105.9495894
1986	12	27	94.45032838
1986	12	28	85.23308529
1986	12	29	77.99227114
1986	12	30	65.93998699
1986	12	31	69.81941876
1987	1	1	72.48192952
1987	1	2	83.75320727
1987	1	3	102.5809697
1987	1	4	133.3918178
1987	1	5	149.6457513
1987	1	6	147.5509068
1987	1	7	141.3750262
1987	1	8	133.3918178
1987	1	9	129.506835
1987	1	10	125.6922902
1987	1	11	120.1014829
1987	1	12	114.6664235
1987	1	13	109.3854541
1987	1	14	94.45032838
1987	1	15	79.40884862
1987	1	16	79.40884862
1987	1	17	82.28925168
1987	1	18	88.24086672
1987	1	19	92.87356579
1987	1	20	91.31311049
1987	1	21	88.24086672
1987	1	22	85.23308529
1987	1	23	80.84115377
1987	1	24	73.83625097
1987	1	25	65.93998699
1987	1	26	59.77469718
1987	1	27	57.41215601
1987	1	28	55.10798267
1987	1	29	51.75995858
1987	1	30	49.59929157
1987	1	31	48.5401536
1987	2	1	47.49505248
1987	2	2	46.46391779
1987	2	3	47.49505248
1987	2	4	51.75995858
1987	2	5	56.25280764
1987	2	6	59.77469718
1987	2	7	48.5401536
1987	2	8	50.67253658
1987	2	9	44.44326486
1987	2	10	39.63106955
1987	2	11	41.51525949
1987	2	12	116.4609067
1987	2	13	632.5339605
1987	2	14	468.9230042
1987	2	15	285.0172682
1987	2	16	251.8759929
1987	2	17	202.9707514
1987	2	18	162.5992408
1987	2	19	158.2077951
1987	2	20	147.5509068
1987	2	21	135.3608744
1987	2	22	118.2725727
1987	2	23	104.2569052
1987	2	24	91.31311049
1987	2	25	80.84115377
1987	2	26	72.48192952
1987	2	27	63.42914297
1987	2	28	57.41215601
1987	3	1	56.25280764
1987	3	2	56.25280764
1987	3	3	60.97802658
1987	3	4	68.51109683
1987	3	5	69.81941876
1987	3	6	68.51109683
1987	3	7	65.93998699
1987	3	8	67.21797517
1987	3	9	68.51109683
1987	3	10	57.41215601
1987	3	11	49.59929157
1987	3	12	40.56643116
1987	3	13	36.90505979
1987	3	14	34.29762852
1987	3	15	36.90505979
1987	3	16	41.51525949
1987	3	17	42.47762667
1987	3	18	42.47762667
1987	3	19	41.51525949
1987	3	20	42.47762667
1987	3	21	43.45360458
1987	3	22	48.5401536
1987	3	23	52.8616273
1987	3	24	63.42914297
1987	3	25	99.27909473
1987	3	26	190.5232231
1987	3	27	260.665056
1987	3	28	234.8508401
1987	3	29	223.9055878
1987	3	30	215.9066773
1987	3	31	208.0861193
1987	4	1	-9999
1987	4	2	-9999
1987	4	3	-9999
1987	4	4	-9999
1987	4	5	-9999
1987	4	6	-9999
1987	4	7	-9999
1987	4	8	-9999
1987	4	9	-9999
1987	4	10	-9999
1987	4	11	-9999
1987	4	12	-9999
1987	4	13	-9999
1987	4	14	-9999
1987	4	15	-9999
1987	4	16	-9999
1987	4	17	-9999
1987	4	18	-9999
1987	4	19	-9999
1987	4	20	-9999
1987	4	21	-9999
1987	4	22	-9999
1987	4	23	-9999
1987	4	24	-9999
1987	4	25	-9999
1987	4	26	-9999
1987	4	27	-9999
1987	4	28	-9999
1987	4	29	-9999
1987	4	30	-9999
1987	5	1	-9999
1987	5	2	-9999
1987	5	3	-9999
1987	5	4	-9999
1987	5	5	-9999
1987	5	6	-9999
1987	5	7	-9999
1987	5	8	-9999
1987	5	9	-9999
1987	5	10	-9999
1987	5	11	-9999
1987	5	12	-9999
1987	5	13	-9999
1987	5	14	-9999
1987	5	15	-9999
1987	5	16	-9999
1987	5	17	-9999
1987	5	18	-9999
1987	5	19	-9999
1987	5	20	-9999
1987	5	21	-9999
1987	5	22	-9999
1987	5	23	-9999
1987	5	24	-9999
1987	5	25	-9999
1987	5	26	-9999
1987	5	27	-9999
1987	5	28	-9999
1987	5	29	-9999
1987	5	30	-9999
1987	5	31	-9999
1987	6	1	-9999
1987	6	2	-9999
1987	6	3	-9999
1987	6	4	-9999
1987	6	5	-9999
1987	6	6	-9999
1987	6	7	-9999
1987	6	8	-9999
1987	6	9	-9999
1987	6	10	-9999
1987	6	11	-9999
1987	6	12	-9999
1987	6	13	-9999
1987	6	14	-9999
1987	6	15	-9999
1987	6	16	-9999
1987	6	17	-9999
1987	6	18	-9999
1987	6	19	-9999
1987	6	20	-9999
1987	6	21	-9999
1987	6	22	-9999
1987	6	23	-9999
1987	6	24	-9999
1987	6	25	-9999
1987	6	26	-9999
1987	6	27	-9999
1987	6	28	-9999
1987	6	29	-9999
1987	6	30	-9999
1987	7	1	56.25280764
1987	7	2	60.97802658
1987	7	3	57.41215601
1987	7	4	59.77469718
1987	7	5	56.25280764
1987	7	6	59.77469718
1987	7	7	57.41215601
1987	7	8	60.97802658
1987	7	9	68.51109683
1987	7	10	60.97802658
1987	7	11	65.93998699
1987	7	12	240.4444803
1987	7	13	102.5809697
1987	7	14	105.9495894
1987	7	15	229.3380234
1987	7	16	1925.460082
1987	7	17	3760.611392
1987	7	18	779.9013297
1987	7	19	317.3624212
1987	7	20	173.9036778
1987	7	21	125.6922902
1987	7	22	107.659085
1987	7	23	3276.136745
1987	7	24	2582.134092
1987	7	25	946.7042133
1987	7	26	456.2803098
1987	7	27	690.2845874
1987	7	28	745.5052935
1987	7	29	653.1752243
1987	7	30	324.0896987
1987	7	31	348.3235798
1987	8	1	269.640407
1987	8	2	221.2193742
1987	8	3	415.6616327
1987	8	4	745.5052935
1987	8	5	1608.558397
1987	8	6	2618.727194
1987	8	7	1510.624325
1987	8	8	1617.649783
1987	8	9	1748.261563
1987	8	10	1654.33133
1987	8	11	1301.938088
1987	8	12	1104.793796
1987	8	13	1048.099397
1987	8	14	888.8882357
1987	8	15	768.3298202
1987	8	16	762.583946
1987	8	17	888.8882357
1987	8	18	953.2670399
1987	8	19	882.6022462
1987	8	20	768.3298202
1987	8	21	1433.294705
1987	8	22	2509.8962
1987	8	23	1424.856529
1987	8	24	999.991342
1987	8	25	827.2575803
1987	8	26	797.4586864
1987	8	27	695.6892386
1987	8	28	768.3298202
1987	8	29	1208.472605
1987	8	30	1905.249944
1987	8	31	3550.051476
1987	9	1	5904.007205
1987	9	2	1572.507631
1987	9	3	833.298265
1987	9	4	573.036771
1987	9	5	419.6189203
1987	9	6	396.2200109
1987	9	7	411.7274004
1987	9	8	381.0774438
1987	9	9	334.3439984
1987	9	10	300.9223829
1987	9	11	269.640407
1987	9	12	240.4444803
1987	9	13	226.6117857
1987	9	14	221.2193742
1987	9	15	156.0397663
1987	9	16	129.506835
1987	9	17	137.3477214
1987	9	18	141.3750262
1987	9	19	123.8112806
1987	9	20	107.659085
1987	9	21	97.65302954
1987	9	22	82.28925168
1987	9	23	72.48192952
1987	9	24	62.19615259
1987	9	25	56.25280764
1987	9	26	56.25280764
1987	9	27	79.40884862
1987	9	28	105.9495894
1987	9	29	111.1287589
1987	9	30	123.8112806
1987	10	1	139.3524187
1987	10	2	129.506835
1987	10	3	120.1014829
1987	10	4	111.1287589
1987	10	5	102.5809697
1987	10	6	99.27909473
1987	10	7	99.27909473
1987	10	8	86.7289503
1987	10	9	75.20603786
1987	10	10	68.51109683
1987	10	11	64.67706532
1987	10	12	62.19615259
1987	10	13	59.77469718
1987	10	14	57.41215601
1987	10	15	55.10798267
1987	10	16	63.42914297
1987	10	17	76.59135604
1987	10	18	86.7289503
1987	10	19	82.28925168
1987	10	20	69.81941876
1987	10	21	57.41215601
1987	10	22	49.59929157
1987	10	23	46.46391779
1987	10	24	43.45360458
1987	10	25	40.56643116
1987	10	26	38.70910227
1987	10	27	37.80045665
1987	10	28	44.44326486
1987	10	29	49.59929157
1987	10	30	65.93998699
1987	10	31	129.506835
1987	11	1	162.5992408
1987	11	2	158.2077951
1987	11	3	127.5907881
1987	11	4	109.3854541
1987	11	5	96.04346184
1987	11	6	85.23308529
1987	11	7	79.40884862
1987	11	8	73.83625097
1987	11	9	68.51109683
1987	11	10	63.42914297
1987	11	11	58.58609639
1987	11	12	53.97761224
1987	11	13	50.67253658
1987	11	14	53.97761224
1987	11	15	79.40884862
1987	11	16	100.9217205
1987	11	17	86.7289503
1987	11	18	76.59135604
1987	11	19	68.51109683
1987	11	20	60.97802658
1987	11	21	59.77469718
1987	11	22	59.77469718
1987	11	23	59.77469718
1987	11	24	59.77469718
1987	11	25	59.77469718
1987	11	26	71.14300752
1987	11	27	86.7289503
1987	11	28	88.24086672
1987	11	29	94.45032838
1987	11	30	100.9217205
1987	12	1	102.5809697
1987	12	2	99.27909473
1987	12	3	94.45032838
1987	12	4	89.76889876
1987	12	5	85.23308529
1987	12	6	79.40884862
1987	12	7	69.81941876
1987	12	8	64.67706532
1987	12	9	63.42914297
1987	12	10	62.19615259
1987	12	11	60.97802658
1987	12	12	59.77469718
1987	12	13	58.58609639
1987	12	14	57.41215601
1987	12	15	56.25280764
1987	12	16	55.10798267
1987	12	17	55.10798267
1987	12	18	55.10798267
1987	12	19	53.97761224
1987	12	20	57.41215601
1987	12	21	62.19615259
1987	12	22	67.21797517
1987	12	23	65.93998699
1987	12	24	63.42914297
1987	12	25	60.97802658
1987	12	26	59.77469718
1987	12	27	58.58609639
1987	12	28	57.41215601
1987	12	29	56.25280764
1987	12	30	55.10798267
1987	12	31	53.97761224
1988	1	1	141.6170791
1988	1	2	145.6165945
1988	1	3	143.6087268
1988	1	4	141.6170791
1988	1	5	139.6416141
1988	1	6	137.6822944
1988	1	7	137.6822944
1988	1	8	135.7390825
1988	1	9	133.8119405
1988	1	10	131.9008306
1988	1	11	130.0057148
1988	1	12	128.1265549
1988	1	13	130.0057148
1988	1	14	137.6822944
1988	1	15	141.6170791
1988	1	16	133.8119405
1988	1	17	128.1265549
1988	1	18	124.41595
1988	1	19	124.41595
1988	1	20	124.41595
1988	1	21	124.41595
1988	1	22	122.5844278
1988	1	23	122.5844278
1988	1	24	122.5844278
1988	1	25	122.5844278
1988	1	26	122.5844278
1988	1	27	122.5844278
1988	1	28	130.0057148
1988	1	29	135.7390825
1988	1	30	131.9008306
1988	1	31	131.9008306
1988	2	1	131.9008306
1988	2	2	137.6822944
1988	2	3	143.6087268
1988	2	4	137.6822944
1988	2	5	130.0057148
1988	2	6	124.41595
1988	2	7	124.41595
1988	2	8	124.41595
1988	2	9	124.41595
1988	2	10	124.41595
1988	2	11	124.41595
1988	2	12	124.41595
1988	2	13	126.2633128
1988	2	14	130.0057148
1988	2	15	133.8119405
1988	2	16	131.9008306
1988	2	17	130.0057148
1988	2	18	128.1265549
1988	2	19	128.1265549
1988	2	20	128.1265549
1988	2	21	128.1265549
1988	2	22	128.1265549
1988	2	23	128.1265549
1988	2	24	128.1265549
1988	2	25	131.9008306
1988	2	26	133.8119405
1988	2	27	131.9008306
1988	2	28	130.0057148
1988	2	29	128.1265549
1988	3	1	126.2633128
1988	3	2	124.41595
1988	3	3	122.5844278
1988	3	4	120.7687077
1988	3	5	118.9687507
1988	3	6	117.1845179
1988	3	7	117.1845179
1988	3	8	118.9687507
1988	3	9	126.2633128
1988	3	10	128.1265549
1988	3	11	124.41595
1988	3	12	128.1265549
1988	3	13	133.8119405
1988	3	14	139.6416141
1988	3	15	145.6165945
1988	3	16	145.6165945
1988	3	17	143.6087268
1988	3	18	141.6170791
1988	3	19	139.6416141
1988	3	20	135.7390825
1988	3	21	133.8119405
1988	3	22	131.9008306
1988	3	23	135.7390825
1988	3	24	133.8119405
1988	3	25	131.9008306
1988	3	26	130.0057148
1988	3	27	128.1265549
1988	3	28	128.1265549
1988	3	29	126.2633128
1988	3	30	124.41595
1988	3	31	122.5844278
1988	4	1	113.6630679
1988	4	2	113.6630679
1988	4	3	113.6630679
1988	4	4	113.6630679
1988	4	5	113.6630679
1988	4	6	113.6630679
1988	4	7	113.6630679
1988	4	8	113.6630679
1988	4	9	113.6630679
1988	4	10	113.6630679
1988	4	11	113.6630679
1988	4	12	113.6630679
1988	4	13	111.9257721
1988	4	14	105.1318568
1988	4	15	98.58444527
1988	4	16	92.28093621
1988	4	17	86.21868538
1988	4	18	90.74285982
1988	4	19	101.8274997
1988	4	20	5.484034194
1988	4	21	5.484034194
1988	4	22	5.484034194
1988	4	23	5.484034194
1988	4	24	128.1265549
1988	4	25	131.9008306
1988	4	26	120.7687077
1988	4	27	110.2040429
1988	4	28	5.484034194
1988	4	29	5.484034194
1988	4	30	101.8274997
1988	5	1	80.39500332
1988	5	2	80.39500332
1988	5	3	78.97603954
1988	5	4	73.44671424
1988	5	5	72.10079672
1988	5	6	70.76935654
1988	5	7	76.18215809
1988	5	8	83.27719316
1988	5	9	95.40236716
1988	5	10	95.40236716
1988	5	11	89.21982053
1988	5	12	86.21868538
1988	5	13	100.19833
1988	5	14	95.40236716
1988	5	15	100.19833
1988	5	16	98.58444527
1988	5	17	92.28093621
1988	5	18	87.71177642
1988	5	19	81.82870685
1988	5	20	74.80715335
1988	5	21	70.76935654
1988	5	22	69.45234927
1988	5	23	74.80715335
1988	5	24	96.98580469
1988	5	25	98.58444527
1988	5	26	92.28093621
1988	5	27	89.21982053
1988	5	28	87.71177642
1988	5	29	76.18215809
1988	5	30	77.57177228
1988	5	31	87.71177642
1988	6	1	103.4719951
1988	6	2	145.6165945
1988	6	3	184.5736355
1988	6	4	216.1035308
1988	6	5	318.9411777
1988	6	6	5.484034194
1988	6	7	168.7842104
1988	6	8	153.8110082
1988	6	9	162.2678953
1988	6	10	151.7378895
1988	6	11	137.6822944
1988	6	12	122.5844278
1988	6	13	108.4978406
1988	6	14	95.40236716
1988	6	15	90.74285982
1988	6	16	92.28093621
1988	6	17	100.19833
1988	6	18	98.58444527
1988	6	19	93.83409147
1988	6	20	89.21982053
1988	6	21	87.71177642
1988	6	22	92.28093621
1988	6	23	90.74285982
1988	6	24	93.83409147
1988	6	25	93.83409147
1988	6	26	90.74285982
1988	6	27	86.21868538
1988	6	28	90.74285982
1988	6	29	106.8071253
1988	6	30	118.9687507
1988	7	1	115.41597
1988	7	2	110.2040429
1988	7	3	118.9687507
1988	7	4	105.1318568
1988	7	5	108.4978406
1988	7	6	100.19833
1988	7	7	92.28093621
1988	7	8	89.21982053
1988	7	9	87.71177642
1988	7	10	96.98580469
1988	7	11	322.1333338
1988	7	12	548.6321606
1988	7	13	2165.712052
1988	7	14	4127.375028
1988	7	15	2828.803424
1988	7	16	1468.186146
1988	7	17	1318.008769
1988	7	18	970.882357
1988	7	19	911.1167775
1988	7	20	3429.758106
1988	7	21	2375.323538
1988	7	22	1232.402299
1988	7	23	1014.039655
1988	7	24	792.7417357
1988	7	25	644.8107168
1988	7	26	864.8893962
1988	7	27	1116.817408
1988	7	28	755.4013809
1988	7	29	518.5675534
1988	7	30	386.3396787
1988	7	31	309.4755989
1988	8	1	239.645146
1988	8	2	196.3582555
1988	8	3	173.211651
1988	8	4	155.9005316
1988	8	5	153.8110082
1988	8	6	153.8110082
1988	8	7	143.6087268
1988	8	8	145.6165945
1988	8	9	155.9005316
1988	8	10	170.9895838
1988	8	11	179.9783706
1988	8	12	186.8966089
1988	8	13	186.8966089
1988	8	14	193.9673115
1988	8	15	175.4504476
1988	8	16	151.7378895
1988	8	17	236.9592514
1988	8	18	453.5219792
1988	8	19	527.0568059
1988	8	20	426.6496534
1988	8	21	368.7831204
1988	8	22	315.7675236
1988	8	23	270.3620167
1988	8	24	229.0071376
1988	8	25	201.1914153
1988	8	26	193.9673115
1988	8	27	193.9673115
1988	8	28	201.1914153
1988	8	29	189.2365228
1988	8	30	173.211651
1988	8	31	158.0064963
1988	9	1	153.8110082
1988	9	2	162.2678953
1988	9	3	170.9895838
1988	9	4	164.4234021
1988	9	5	151.7378895
1988	9	6	153.8110082
1988	9	7	147.6407196
1988	9	8	135.7390825
1988	9	9	130.0057148
1988	9	10	141.6170791
1988	9	11	184.5736355
1988	9	12	229.0071376
1988	9	13	239.645146
1988	9	14	218.6494157
1988	9	15	196.3582555
1988	9	16	177.706009
1988	9	17	162.2678953
1988	9	18	149.6811389
1988	9	19	133.8119405
1988	9	20	130.0057148
1988	9	21	131.9008306
1988	9	22	131.9008306
1988	9	23	133.8119405
1988	9	24	137.6822944
1988	9	25	137.6822944
1988	9	26	128.1265549
1988	9	27	133.8119405
1988	9	28	139.6416141
1988	9	29	151.7378895
1988	9	30	149.6811389
1988	10	1	141.6170791
1988	10	2	139.6416141
1988	10	3	137.6822944
1988	10	4	137.6822944
1988	10	5	137.6822944
1988	10	6	139.6416141
1988	10	7	137.6822944
1988	10	8	128.1265549
1988	10	9	122.5844278
1988	10	10	137.6822944
1988	10	11	131.9008306
1988	10	12	128.1265549
1988	10	13	128.1265549
1988	10	14	118.9687507
1988	10	15	115.41597
1988	10	16	111.9257721
1988	10	17	110.2040429
1988	10	18	110.2040429
1988	10	19	110.2040429
1988	10	20	110.2040429
1988	10	21	115.41597
1988	10	22	115.41597
1988	10	23	113.6630679
1988	10	24	110.2040429
1988	10	25	108.4978406
1988	10	26	111.9257721
1988	10	27	106.8071253
1988	10	28	103.4719951
1988	10	29	101.8274997
1988	10	30	101.8274997
1988	10	31	101.8274997
1988	11	1	100.19833
1988	11	2	100.19833
1988	11	3	108.4978406
1988	11	4	103.4719951
1988	11	5	103.4719951
1988	11	6	105.1318568
1988	11	7	106.8071253
1988	11	8	105.1318568
1988	11	9	103.4719951
1988	11	10	101.8274997
1988	11	11	101.8274997
1988	11	12	103.4719951
1988	11	13	103.4719951
1988	11	14	101.8274997
1988	11	15	101.8274997
1988	11	16	101.8274997
1988	11	17	103.4719951
1988	11	18	103.4719951
1988	11	19	103.4719951
1988	11	20	103.4719951
1988	11	21	103.4719951
1988	11	22	103.4719951
1988	11	23	103.4719951
1988	11	24	105.1318568
1988	11	25	103.4719951
1988	11	26	103.4719951
1988	11	27	103.4719951
1988	11	28	103.4719951
1988	11	29	103.4719951
1988	11	30	103.4719951
1988	12	1	103.4719951
1988	12	2	103.4719951
1988	12	3	103.4719951
1988	12	4	103.4719951
1988	12	5	103.4719951
1988	12	6	103.4719951
1988	12	7	105.1318568
1988	12	8	105.1318568
1988	12	9	105.1318568
1988	12	10	105.1318568
1988	12	11	103.4719951
1988	12	12	103.4719951
1988	12	13	103.4719951
1988	12	14	103.4719951
1988	12	15	103.4719951
1988	12	16	103.4719951
1988	12	17	103.4719951
1988	12	18	103.4719951
1988	12	19	103.4719951
1988	12	20	103.4719951
1988	12	21	103.4719951
1988	12	22	103.4719951
1988	12	23	103.4719951
1988	12	24	103.4719951
1988	12	25	103.4719951
1988	12	26	103.4719951
1988	12	27	103.4719951
1988	12	28	103.4719951
1988	12	29	103.4719951
1988	12	30	103.4719951
1988	12	31	103.4719951
1989	1	1	110.2040429
1989	1	2	110.2040429
1989	1	3	110.2040429
1989	1	4	110.2040429
1989	1	5	108.4978406
1989	1	6	108.4978406
1989	1	7	130.0057148
1989	1	8	139.6416141
1989	1	9	141.6170791
1989	1	10	141.6170791
1989	1	11	147.6407196
1989	1	12	149.6811389
1989	1	13	158.0064963
1989	1	14	158.0064963
1989	1	15	155.9005316
1989	1	16	151.7378895
1989	1	17	147.6407196
1989	1	18	147.6407196
1989	1	19	160.1289388
1989	1	20	170.9895838
1989	1	21	182.2675677
1989	1	22	193.9673115
1989	1	23	206.0931661
1989	1	24	216.1035308
1989	1	25	216.1035308
1989	1	26	208.5698485
1989	1	27	198.7662787
1989	1	28	189.2365228
1989	1	29	177.706009
1989	1	30	170.9895838
1989	1	31	164.4234021
1989	2	1	160.1289388
1989	2	2	155.9005316
1989	2	3	151.7378895
1989	2	4	147.6407196
1989	2	5	143.6087268
1989	2	6	139.6416141
1989	2	7	135.7390825
1989	2	8	135.7390825
1989	2	9	137.6822944
1989	2	10	137.6822944
1989	2	11	135.7390825
1989	2	12	131.9008306
1989	2	13	130.0057148
1989	2	14	128.1265549
1989	2	15	128.1265549
1989	2	16	131.9008306
1989	2	17	139.6416141
1989	2	18	141.6170791
1989	2	19	141.6170791
1989	2	20	141.6170791
1989	2	21	139.6416141
1989	2	22	137.6822944
1989	2	23	135.7390825
1989	2	24	135.7390825
1989	2	25	137.6822944
1989	2	26	211.0637809
1989	2	27	250.5655483
1989	2	28	270.3620167
1989	3	1	270.3620167
1989	3	2	270.3620167
1989	3	3	256.1322992
1989	3	4	300.1757115
1989	3	5	952.720303
1989	3	6	1711.353685
1989	3	7	809.0667649
1989	3	8	449.6244747
1989	3	9	348.3402866
1989	3	10	294.0674267
1989	3	11	264.6163396
1989	3	12	250.5655483
1989	3	13	239.645146
1989	3	14	229.0071376
1989	3	15	218.6494157
1989	3	16	208.5698485
1989	3	17	196.3582555
1989	3	18	189.2365228
1989	3	19	179.9783706
1989	3	20	170.9895838
1989	3	21	162.2678953
1989	3	22	153.8110082
1989	3	23	145.6165945
1989	3	24	145.6165945
1989	3	25	164.4234021
1989	3	26	331.8211175
1989	3	27	331.8211175
1989	3	28	291.0406835
1989	3	29	264.6163396
1989	3	30	236.9592514
1989	3	31	216.1035308
1989	4	1	196.3582555
1989	4	2	184.5736355
1989	4	3	168.7842104
1989	4	4	158.0064963
1989	4	5	160.1289388
1989	4	6	141.6170791
1989	4	7	139.6416141
1989	4	8	137.6822944
1989	4	9	130.0057148
1989	4	10	126.2633128
1989	4	11	122.5844278
1989	4	12	117.1845179
1989	4	13	115.41597
1989	4	14	110.2040429
1989	4	15	106.8071253
1989	4	16	111.9257721
1989	4	17	120.7687077
1989	4	18	122.5844278
1989	4	19	124.41595
1989	4	20	135.7390825
1989	4	21	135.7390825
1989	4	22	131.9008306
1989	4	23	130.0057148
1989	4	24	124.41595
1989	4	25	120.7687077
1989	4	26	113.6630679
1989	4	27	106.8071253
1989	4	28	105.1318568
1989	4	29	105.1318568
1989	4	30	101.8274997
1989	5	1	95.40236716
1989	5	2	93.83409147
1989	5	3	89.21982053
1989	5	4	87.71177642
1989	5	5	90.74285982
1989	5	6	86.21868538
1989	5	7	87.71177642
1989	5	8	84.74050512
1989	5	9	84.74050512
1989	5	10	80.39500332
1989	5	11	101.8274997
1989	5	12	131.9008306
1989	5	13	145.6165945
1989	5	14	137.6822944
1989	5	15	149.6811389
1989	5	16	145.6165945
1989	5	17	135.7390825
1989	5	18	139.6416141
1989	5	19	151.7378895
1989	5	20	145.6165945
1989	5	21	139.6416141
1989	5	22	118.9687507
1989	5	23	101.8274997
1989	5	24	93.83409147
1989	5	25	103.4719951
1989	5	26	98.58444527
1989	5	27	106.8071253
1989	5	28	115.41597
1989	5	29	117.1845179
1989	5	30	115.41597
1989	5	31	111.9257721
1989	6	1	103.4719951
1989	6	2	105.1318568
1989	6	3	103.4719951
1989	6	4	105.1318568
1989	6	5	113.6630679
1989	6	6	149.6811389
1989	6	7	162.2678953
1989	6	8	155.9005316
1989	6	9	261.7704281
1989	6	10	461.3758406
1989	6	11	312.6123408
1989	6	12	250.5655483
1989	6	13	206.0931661
1989	6	14	186.8966089
1989	6	15	242.3486903
1989	6	16	430.4300967
1989	6	17	344.9990263
1989	6	18	264.6163396
1989	6	19	216.1035308
1989	6	20	196.3582555
1989	6	21	170.9895838
1989	6	22	151.7378895
1989	6	23	139.6416141
1989	6	24	130.0057148
1989	6	25	137.6822944
1989	6	26	143.6087268
1989	6	27	143.6087268
1989	6	28	149.6811389
1989	6	29	153.8110082
1989	6	30	145.6165945
1989	7	1	143.6087268
1989	7	2	133.8119405
1989	7	3	124.41595
1989	7	4	117.1845179
1989	7	5	108.4978406
1989	7	6	106.8071253
1989	7	7	105.1318568
1989	7	8	111.9257721
1989	7	9	149.6811389
1989	7	10	177.706009
1989	7	11	179.9783706
1989	7	12	365.3287772
1989	7	13	415.4246798
1989	7	14	351.7003199
1989	7	15	282.0696766
1989	7	16	331.8211175
1989	7	17	708.9269165
1989	7	18	535.6264595
1989	7	19	375.7486875
1989	7	20	273.2618459
1989	7	21	229.0071376
1989	7	22	270.3620167
1989	7	23	253.3400176
1989	7	24	198.7662787
1989	7	25	206.0931661
1989	7	26	607.1036566
1989	7	27	4654.911778
1989	7	28	3254.682842
1989	7	29	2274.101848
1989	7	30	2862.969414
1989	7	31	1530.91347
1989	8	1	911.1167775
1989	8	2	465.3322531
1989	8	3	344.9990263
1989	8	4	288.0321649
1989	8	5	247.8088589
1989	8	6	256.1322992
1989	8	7	206.0931661
1989	8	8	173.211651
1989	8	9	151.7378895
1989	8	10	139.6416141
1989	8	11	124.41595
1989	8	12	117.1845179
1989	8	13	122.5844278
1989	8	14	143.6087268
1989	8	15	145.6165945
1989	8	16	151.7378895
1989	8	17	139.6416141
1989	8	18	124.41595
1989	8	19	117.1845179
1989	8	20	111.9257721
1989	8	21	173.211651
1989	8	22	322.1333338
1989	8	23	654.4447717
1989	8	24	683.8476927
1989	8	25	539.9415038
1989	8	26	291.0406835
1989	8	27	239.645146
1989	8	28	196.3582555
1989	8	29	175.4504476
1989	8	30	497.694764
1989	8	31	611.7447571
1989	9	1	527.0568059
1989	9	2	358.4768245
1989	9	3	270.3620167
1989	9	4	216.1035308
1989	9	5	189.2365228
1989	9	6	168.7842104
1989	9	7	93.83409147
1989	9	8	122.5844278
1989	9	9	331.8211175
1989	9	10	1077.598135
1989	9	11	1001.597382
1989	9	12	792.7417357
1989	9	13	593.3036995
1989	9	14	497.694764
1989	9	15	739.7188089
1989	9	16	1841.141916
1989	9	17	1289.101004
1989	9	18	911.1167775
1989	9	19	683.8476927
1989	9	20	553.0078264
1989	9	21	397.1025371
1989	9	22	328.5732734
1989	9	23	294.0674267
1989	9	24	276.1797112
1989	9	25	247.8088589
1989	9	26	231.6402801
1989	9	27	208.5698485
1989	9	28	193.9673115
1989	9	29	191.5934121
1989	9	30	189.2365228
1989	10	1	186.8966089
1989	10	2	179.9783706
1989	10	3	170.9895838
1989	10	4	164.4234021
1989	10	5	155.9005316
1989	10	6	149.6811389
1989	10	7	145.6165945
1989	10	8	143.6087268
1989	10	9	139.6416141
1989	10	10	139.6416141
1989	10	11	141.6170791
1989	10	12	141.6170791
1989	10	13	141.6170791
1989	10	14	141.6170791
1989	10	15	141.6170791
1989	10	16	141.6170791
1989	10	17	137.6822944
1989	10	18	135.7390825
1989	10	19	135.7390825
1989	10	20	135.7390825
1989	10	21	133.8119405
1989	10	22	130.0057148
1989	10	23	128.1265549
1989	10	24	128.1265549
1989	10	25	126.2633128
1989	10	26	126.2633128
1989	10	27	122.5844278
1989	10	28	122.5844278
1989	10	29	120.7687077
1989	10	30	120.7687077
1989	10	31	117.1845179
1989	11	1	117.1845179
1989	11	2	120.7687077
1989	11	3	117.1845179
1989	11	4	113.6630679
1989	11	5	118.9687507
1989	11	6	158.0064963
1989	11	7	438.0493312
1989	11	8	441.8881787
1989	11	9	335.0875848
1989	11	10	285.0418397
1989	11	11	253.3400176
1989	11	12	231.6402801
1989	11	13	208.5698485
1989	11	14	193.9673115
1989	11	15	201.1914153
1989	11	16	196.3582555
1989	11	17	182.2675677
1989	11	18	177.706009
1989	11	19	170.9895838
1989	11	20	160.1289388
1989	11	21	149.6811389
1989	11	22	145.6165945
1989	11	23	151.7378895
1989	11	24	149.6811389
1989	11	25	147.6407196
1989	11	26	145.6165945
1989	11	27	145.6165945
1989	11	28	135.7390825
1989	11	29	130.0057148
1989	11	30	141.6170791
1989	12	1	135.7390825
1989	12	2	133.8119405
1989	12	3	131.9008306
1989	12	4	130.0057148
1989	12	5	128.1265549
1989	12	6	126.2633128
1989	12	7	124.41595
1989	12	8	122.5844278
1989	12	9	120.7687077
1989	12	10	118.9687507
1989	12	11	117.1845179
1989	12	12	115.41597
1989	12	13	115.41597
1989	12	14	115.41597
1989	12	15	115.41597
1989	12	16	115.41597
1989	12	17	113.6630679
1989	12	18	111.9257721
1989	12	19	110.2040429
1989	12	20	108.4978406
1989	12	21	106.8071253
1989	12	22	105.1318568
1989	12	23	103.4719951
1989	12	24	103.4719951
1989	12	25	108.4978406
1989	12	26	106.8071253
1989	12	27	105.1318568
1989	12	28	103.4719951
1989	12	29	101.8274997
1989	12	30	100.19833
1989	12	31	98.58444527
1990	1	1	31.80678491
1990	1	2	31.00206471
1990	1	3	31.00206471
1990	1	4	30.21
1990	1	5	30.21
1990	1	6	30.21
1990	1	7	30.21
1990	1	8	30.21
1990	1	9	30.21
1990	1	10	30.21
1990	1	11	34.29762852
1990	1	12	36.0228385
1990	1	13	35.15371932
1990	1	14	34.29762852
1990	1	15	33.45449209
1990	1	16	32.62423575
1990	1	17	31.80678491
1990	1	18	31.80678491
1990	1	19	31.80678491
1990	1	20	31.80678491
1990	1	21	31.80678491
1990	1	22	31.80678491
1990	1	23	31.00206471
1990	1	24	31.00206471
1990	1	25	31.00206471
1990	1	26	30.21
1990	1	27	30.21
1990	1	28	30.21
1990	1	29	30.21
1990	1	30	31.00206471
1990	1	31	34.29762852
1990	2	1	42.47762667
1990	2	2	51.75995858
1990	2	3	58.58609639
1990	2	4	52.8616273
1990	2	5	48.5401536
1990	2	6	48.5401536
1990	2	7	48.5401536
1990	2	8	48.5401536
1990	2	9	51.75995858
1990	2	10	69.81941876
1990	2	11	120.1014829
1990	2	12	208.0861193
1990	2	13	160.3942671
1990	2	14	125.6922902
1990	2	15	111.1287589
1990	2	16	111.1287589
1990	2	17	109.3854541
1990	2	18	114.6664235
1990	2	19	158.2077951
1990	2	20	248.9874486
1990	2	21	310.7217904
1990	2	22	381.0774438
1990	2	23	526.1906283
1990	2	24	914.3074619
1990	2	25	658.3994053
1990	2	26	403.9278992
1990	2	27	291.3155489
1990	2	28	200.4423998
1990	3	1	164.8227748
1990	3	2	139.3524187
1990	3	3	120.1014829
1990	3	4	102.5809697
1990	3	5	86.7289503
1990	3	6	76.59135604
1990	3	7	73.83625097
1990	3	8	71.14300752
1990	3	9	68.51109683
1990	3	10	65.93998699
1990	3	11	63.42914297
1990	3	12	58.58609639
1990	3	13	58.58609639
1990	3	14	57.41215601
1990	3	15	57.41215601
1990	3	16	56.25280764
1990	3	17	56.25280764
1990	3	18	55.10798267
1990	3	19	53.97761224
1990	3	20	53.97761224
1990	3	21	52.8616273
1990	3	22	51.75995858
1990	3	23	50.67253658
1990	3	24	49.59929157
1990	3	25	48.5401536
1990	3	26	48.5401536
1990	3	27	48.5401536
1990	3	28	57.41215601
1990	3	29	69.81941876
1990	3	30	99.27909473
1990	3	31	164.8227748
1990	4	1	151.7588033
1990	4	2	116.4609067
1990	4	3	94.45032838
1990	4	4	86.7289503
1990	4	5	77.99227114
1990	4	6	68.51109683
1990	4	7	63.42914297
1990	4	8	60.97802658
1990	4	9	58.58609639
1990	4	10	52.8616273
1990	4	11	53.97761224
1990	4	12	51.75995858
1990	4	13	67.21797517
1990	4	14	167.0649273
1990	4	15	234.8508401
1990	4	16	167.0649273
1990	4	17	129.506835
1990	4	18	112.8890614
1990	4	19	86.7289503
1990	4	20	83.75320727
1990	4	21	79.40884862
1990	4	22	83.75320727
1990	4	23	129.506835
1990	4	24	192.9739963
1990	4	25	192.9739963
1990	4	26	133.3918178
1990	4	27	100.9217205
1990	4	28	85.23308529
1990	4	29	79.40884862
1990	4	30	79.40884862
1990	5	1	69.81941876
1990	5	2	69.81941876
1990	5	3	102.5809697
1990	5	4	158.2077951
1990	5	5	190.5232231
1990	5	6	195.444079
1990	5	7	141.3750262
1990	5	8	135.3608744
1990	5	9	133.3918178
1990	5	10	109.3854541
1990	5	11	91.31311049
1990	5	12	77.99227114
1990	5	13	68.51109683
1990	5	14	60.97802658
1990	5	15	53.97761224
1990	5	16	50.67253658
1990	5	17	63.42914297
1990	5	18	72.48192952
1990	5	19	89.76889876
1990	5	20	91.31311049
1990	5	21	89.76889876
1990	5	22	75.20603786
1990	5	23	59.77469718
1990	5	24	51.75995858
1990	5	25	48.5401536
1990	5	26	44.44326486
1990	5	27	42.47762667
1990	5	28	37.80045665
1990	5	29	35.15371932
1990	5	30	36.0228385
1990	5	31	41.51525949
1990	6	1	50.67253658
1990	6	2	50.67253658
1990	6	3	41.51525949
1990	6	4	36.90505979
1990	6	5	34.29762852
1990	6	6	35.15371932
1990	6	7	31.80678491
1990	6	8	31.00206471
1990	6	9	38.70910227
1990	6	10	89.76889876
1990	6	11	86.7289503
1990	6	12	67.21797517
1990	6	13	56.25280764
1990	6	14	49.59929157
1990	6	15	46.46391779
1990	6	16	65.93998699
1990	6	17	133.3918178
1990	6	18	162.5992408
1990	6	19	112.8890614
1990	6	20	369.9579668
1990	6	21	1055.085818
1990	6	22	1493.223581
1990	6	23	876.3436936
1990	6	24	456.2803098
1990	6	25	381.0774438
1990	6	26	1458.793537
1990	6	27	1510.624325
1990	6	28	717.5679994
1990	6	29	439.7529533
1990	6	30	337.8058769
1990	7	1	269.640407
1990	7	2	197.9335279
1990	7	3	226.6117857
1990	7	4	314.0313013
1990	7	5	348.3235798
1990	7	6	234.8508401
1990	7	7	208.0861193
1990	7	8	164.8227748
1990	7	9	131.4404915
1990	7	10	105.9495894
1990	7	11	94.45032838
1990	7	12	176.2208856
1990	7	13	324.0896987
1990	7	14	210.6732483
1990	7	15	684.9058584
1990	7	16	1458.793537
1990	7	17	2438.915826
1990	7	18	1433.294705
1990	7	19	2509.8962
1990	7	20	2081.247251
1990	7	21	979.7980866
1990	7	22	530.7648823
1990	7	23	324.0896987
1990	7	24	226.6117857
1990	7	25	173.9036778
1990	7	26	145.4742107
1990	7	27	141.3750262
1990	7	28	141.3750262
1990	7	29	127.5907881
1990	7	30	112.8890614
1990	7	31	86.7289503
1990	8	1	85.23308529
1990	8	2	83.75320727
1990	8	3	112.8890614
1990	8	4	67.21797517
1990	8	5	53.97761224
1990	8	6	56.25280764
1990	8	7	50.67253658
1990	8	8	47.49505248
1990	8	9	50.67253658
1990	8	10	57.41215601
1990	8	11	68.51109683
1990	8	12	64.67706532
1990	8	13	59.77469718
1990	8	14	51.75995858
1990	8	15	45.44667888
1990	8	16	51.75995858
1990	8	17	53.97761224
1990	8	18	53.97761224
1990	8	19	69.81941876
1990	8	20	68.51109683
1990	8	21	73.83625097
1990	8	22	568.241215
1990	8	23	373.6419475
1990	8	24	197.9335279
1990	8	25	137.3477214
1990	8	26	89.76889876
1990	8	27	69.81941876
1990	8	28	56.25280764
1990	8	29	55.10798267
1990	8	30	0
1990	8	31	0
1990	9	1	96.04346184
1990	9	2	294.4965185
1990	9	3	254.7850726
1990	9	4	147.5509068
1990	9	5	116.4609067
1990	9	6	94.45032838
1990	9	7	91.31311049
1990	9	8	96.04346184
1990	9	9	96.04346184
1990	9	10	121.9476985
1990	9	11	192.9739963
1990	9	12	774.102266
1990	9	13	2233.436545
1990	9	14	920.7313101
1990	9	15	415.6616327
1990	9	16	285.0172682
1990	9	17	197.9335279
1990	9	18	153.890122
1990	9	19	143.4156037
1990	9	20	135.3608744
1990	9	21	127.5907881
1990	9	22	111.1287589
1990	9	23	94.45032838
1990	9	24	158.2077951
1990	9	25	324.0896987
1990	9	26	297.6987787
1990	9	27	192.9739963
1990	9	28	143.4156037
1990	9	29	121.9476985
1990	9	30	105.9495894
1990	10	1	94.45032838
1990	10	2	86.7289503
1990	10	3	77.99227114
1990	10	4	59.77469718
1990	10	5	53.97761224
1990	10	6	50.67253658
1990	10	7	47.49505248
1990	10	8	57.41215601
1990	10	9	46.46391779
1990	10	10	49.59929157
1990	10	11	40.56643116
1990	10	12	37.80045665
1990	10	13	37.80045665
1990	10	14	36.0228385
1990	10	15	33.45449209
1990	10	16	32.62423575
1990	10	17	31.80678491
1990	10	18	41.51525949
1990	10	19	52.8616273
1990	10	20	52.8616273
1990	10	21	51.75995858
1990	10	22	49.59929157
1990	10	23	48.5401536
1990	10	24	48.5401536
1990	10	25	47.49505248
1990	10	26	47.49505248
1990	10	27	45.44667888
1990	10	28	45.44667888
1990	10	29	44.44326486
1990	10	30	44.44326486
1990	10	31	42.47762667
1990	11	1	30.21
1990	11	2	28.66353489
1990	11	3	27.90898268
1990	11	4	27.16678229
1990	11	5	27.16678229
1990	11	6	27.16678229
1990	11	7	27.16678229
1990	11	8	26.43685704
1990	11	9	28.66353489
1990	11	10	29.43051531
1990	11	11	29.43051531
1990	11	12	29.43051531
1990	11	13	28.66353489
1990	11	14	29.43051531
1990	11	15	29.43051531
1990	11	16	28.66353489
1990	11	17	27.90898268
1990	11	18	27.90898268
1990	11	19	28.66353489
1990	11	20	33.45449209
1990	11	21	48.5401536
1990	11	22	52.8616273
1990	11	23	45.44667888
1990	11	24	39.63106955
1990	11	25	37.80045665
1990	11	26	35.15371932
1990	11	27	33.45449209
1990	11	28	32.62423575
1990	11	29	31.00206471
1990	11	30	30.21
1990	12	1	29.43051531
1990	12	2	28.66353489
1990	12	3	27.90898268
1990	12	4	27.16678229
1990	12	5	26.43685704
1990	12	6	25.71912993
1990	12	7	25.01352362
1990	12	8	24.31996044
1990	12	9	23.63836241
1990	12	10	22.96865118
1990	12	11	22.96865118
1990	12	12	22.96865118
1990	12	13	22.96865118
1990	12	14	22.96865118
1990	12	15	22.96865118
1990	12	16	22.96865118
1990	12	17	22.96865118
1990	12	18	22.96865118
1990	12	19	22.96865118
1990	12	20	22.96865118
1990	12	21	22.96865118
1990	12	22	22.96865118
1990	12	23	22.96865118
1990	12	24	22.96865118
1990	12	25	22.96865118
1990	12	26	27.16678229
1990	12	27	27.16678229
1990	12	28	26.43685704
1990	12	29	26.43685704
1990	12	30	25.71912993
1990	12	31	25.71912993
1991	1	1	26.43685704
1991	1	2	26.43685704
1991	1	3	26.43685704
1991	1	4	26.43685704
1991	1	5	26.43685704
1991	1	6	26.43685704
1991	1	7	26.43685704
1991	1	8	26.43685704
1991	1	9	27.90898268
1991	1	10	27.90898268
1991	1	11	27.90898268
1991	1	12	27.90898268
1991	1	13	27.90898268
1991	1	14	27.90898268
1991	1	15	27.90898268
1991	1	16	27.90898268
1991	1	17	27.90898268
1991	1	18	27.90898268
1991	1	19	27.90898268
1991	1	20	27.90898268
1991	1	21	27.90898268
1991	1	22	27.90898268
1991	1	23	27.90898268
1991	1	24	27.90898268
1991	1	25	27.90898268
1991	1	26	27.90898268
1991	1	27	27.90898268
1991	1	28	27.90898268
1991	1	29	27.90898268
1991	1	30	27.90898268
1991	1	31	27.90898268
1991	2	1	27.90898268
1991	2	2	27.90898268
1991	2	3	27.90898268
1991	2	4	27.90898268
1991	2	5	27.90898268
1991	2	6	27.90898268
1991	2	7	27.16678229
1991	2	8	27.16678229
1991	2	9	27.16678229
1991	2	10	32.62423575
1991	2	11	40.56643116
1991	2	12	48.5401536
1991	2	13	48.5401536
1991	2	14	48.5401536
1991	2	15	51.75995858
1991	2	16	59.77469718
1991	2	17	51.75995858
1991	2	18	46.46391779
1991	2	19	46.46391779
1991	2	20	45.44667888
1991	2	21	43.45360458
1991	2	22	41.51525949
1991	2	23	41.51525949
1991	2	24	39.63106955
1991	2	25	38.70910227
1991	2	26	38.70910227
1991	2	27	37.80045665
1991	2	28	36.90505979
1991	3	1	36.90505979
1991	3	2	36.0228385
1991	3	3	35.15371932
1991	3	4	34.29762852
1991	3	5	33.45449209
1991	3	6	32.62423575
1991	3	7	33.45449209
1991	3	8	31.80678491
1991	3	9	63.42914297
1991	3	10	82.28925168
1991	3	11	111.1287589
1991	3	12	125.6922902
1991	3	13	141.3750262
1991	3	14	143.4156037
1991	3	15	125.6922902
1991	3	16	107.659085
1991	3	17	91.31311049
1991	3	18	75.20603786
1991	3	19	65.93998699
1991	3	20	65.93998699
1991	3	21	65.93998699
1991	3	22	63.42914297
1991	3	23	60.97802658
1991	3	24	59.77469718
1991	3	25	58.58609639
1991	3	26	58.58609639
1991	3	27	67.21797517
1991	3	28	76.59135604
1991	3	29	86.7289503
1991	3	30	77.99227114
1991	3	31	68.51109683
1991	4	1	68.51109683
1991	4	2	58.58609639
1991	4	3	52.8616273
1991	4	4	47.49505248
1991	4	5	42.47762667
1991	4	6	39.63106955
1991	4	7	36.90505979
1991	4	8	36.0228385
1991	4	9	34.29762852
1991	4	10	31.00206471
1991	4	11	31.00206471
1991	4	12	29.43051531
1991	4	13	29.43051531
1991	4	14	28.66353489
1991	4	15	26.43685704
1991	4	16	25.01352362
1991	4	17	25.71912993
1991	4	18	83.75320727
1991	4	19	587.5726161
1991	4	20	642.8035948
1991	4	21	272.673841
1991	4	22	158.2077951
1991	4	23	109.3854541
1991	4	24	86.7289503
1991	4	25	52.8616273
1991	4	26	60.97802658
1991	4	27	50.67253658
1991	4	28	45.44667888
1991	4	29	41.51525949
1991	4	30	39.63106955
1991	5	1	37.80045665
1991	5	2	34.29762852
1991	5	3	31.80678491
1991	5	4	29.43051531
1991	5	5	31.00206471
1991	5	6	29.43051531
1991	5	7	25.01352362
1991	5	8	26.43685704
1991	5	9	24.31996044
1991	5	10	22.96865118
1991	5	11	20.4070955
1991	5	12	19.19557599
1991	5	13	17.46305651
1991	5	14	19.19557599
1991	5	15	15.30781135
1991	5	16	14.29503001
1991	5	17	14.79608709
1991	5	18	16.90782645
1991	5	19	17.46305651
1991	5	20	16.90782645
1991	5	21	17.46305651
1991	5	22	15.30781135
1991	5	23	16.36359755
1991	5	24	15.83028694
1991	5	25	16.90782645
1991	5	26	25.71912993
1991	5	27	48.5401536
1991	5	28	91.31311049
1991	5	29	56.25280764
1991	5	30	41.51525949
1991	5	31	30.21
1991	6	1	25.71912993
1991	6	2	25.01352362
1991	6	3	26.43685704
1991	6	4	28.66353489
1991	6	5	25.01352362
1991	6	6	21.03004981
1991	6	7	17.46305651
1991	6	8	17.46305651
1991	6	9	19.79563106
1991	6	10	63.42914297
1991	6	11	141.3750262
1991	6	12	125.6922902
1991	6	13	167.0649273
1991	6	14	127.5907881
1991	6	15	79.40884862
1991	6	16	53.97761224
1991	6	17	42.47762667
1991	6	18	32.62423575
1991	6	19	28.66353489
1991	6	20	24.31996044
1991	6	21	22.31074809
1991	6	22	20.4070955
1991	6	23	15.83028694
1991	6	24	14.29503001
1991	6	25	20.4070955
1991	6	26	15.30781135
1991	6	27	15.83028694
1991	6	28	15.83028694
1991	6	29	17.46305651
1991	6	30	22.31074809
1991	7	1	25.01352362
1991	7	2	37.80045665
1991	7	3	55.10798267
1991	7	4	42.47762667
1991	7	5	35.15371932
1991	7	6	31.80678491
1991	7	7	31.80678491
1991	7	8	62.19615259
1991	7	9	129.506835
1991	7	10	246.1193849
1991	7	11	535.3635313
1991	7	12	762.583946
1991	7	13	1013.594639
1991	7	14	392.4002944
1991	7	15	281.8998501
1991	7	16	278.8035087
1991	7	17	373.6419475
1991	7	18	668.9247359
1991	7	19	1536.958527
1991	7	20	851.5829496
1991	7	21	632.5339605
1991	7	22	573.036771
1991	7	23	443.8496312
1991	7	24	490.4689535
1991	7	25	499.2546651
1991	7	26	653.1752243
1991	7	27	443.8496312
1991	7	28	248.9874486
1991	7	29	171.6053208
1991	7	30	162.5992408
1991	7	31	272.673841
1991	8	1	369.9579668
1991	8	2	427.6028633
1991	8	3	563.4704416
1991	8	4	384.829062
1991	8	5	351.8736768
1991	8	6	317.3624212
1991	8	7	215.9066773
1991	8	8	171.6053208
1991	8	9	147.5509068
1991	8	10	291.3155489
1991	8	11	617.319921
1991	8	12	407.8161728
1991	8	13	232.0843564
1991	8	14	141.3750262
1991	8	15	97.65302954
1991	8	16	72.48192952
1991	8	17	55.10798267
1991	8	18	45.44667888
1991	8	19	37.80045665
1991	8	20	31.80678491
1991	8	21	26.43685704
1991	8	22	28.66353489
1991	8	23	58.58609639
1991	8	24	1796.429048
1991	8	25	2705.347515
1991	8	26	1170.786779
1991	8	27	419.6189203
1991	8	28	190.5232231
1991	8	29	123.8112806
1991	8	30	111.1287589
1991	8	31	185.6793771
1991	9	1	190.5232231
1991	9	2	118.2725727
1991	9	3	86.7289503
1991	9	4	76.59135604
1991	9	5	85.23308529
1991	9	6	141.3750262
1991	9	7	317.3624212
1991	9	8	304.1673842
1991	9	9	195.444079
1991	9	10	131.4404915
1991	9	11	99.27909473
1991	9	12	80.84115377
1991	9	13	69.81941876
1991	9	14	60.97802658
1991	9	15	58.58609639
1991	9	16	52.8616273
1991	9	17	45.44667888
1991	9	18	41.51525949
1991	9	19	37.80045665
1991	9	20	38.70910227
1991	9	21	36.90505979
1991	9	22	36.90505979
1991	9	23	37.80045665
1991	9	24	35.15371932
1991	9	25	37.80045665
1991	9	26	38.70910227
1991	9	27	88.24086672
1991	9	28	712.0591925
1991	9	29	973.123275
1991	9	30	381.0774438
1991	10	1	226.6117857
1991	10	2	164.8227748
1991	10	3	120.1014829
1991	10	4	92.87356579
1991	10	5	79.40884862
1991	10	6	68.51109683
1991	10	7	60.97802658
1991	10	8	57.41215601
1991	10	9	53.97761224
1991	10	10	50.67253658
1991	10	11	47.49505248
1991	10	12	45.44667888
1991	10	13	42.47762667
1991	10	14	38.70910227
1991	10	15	34.29762852
1991	10	16	40.56643116
1991	10	17	36.90505979
1991	10	18	36.0228385
1991	10	19	32.62423575
1991	10	20	35.15371932
1991	10	21	33.45449209
1991	10	22	32.62423575
1991	10	23	32.62423575
1991	10	24	31.80678491
1991	10	25	33.45449209
1991	10	26	31.80678491
1991	10	27	32.62423575
1991	10	28	27.16678229
1991	10	29	26.43685704
1991	10	30	29.43051531
1991	10	31	29.43051531
1991	11	1	31.00206471
1991	11	2	30.21
1991	11	3	28.66353489
1991	11	4	27.16678229
1991	11	5	25.01352362
1991	11	6	23.63836241
1991	11	7	25.71912993
1991	11	8	25.71912993
1991	11	9	30.21
1991	11	10	29.43051531
1991	11	11	28.66353489
1991	11	12	25.01352362
1991	11	13	27.16678229
1991	11	14	28.66353489
1991	11	15	27.16678229
1991	11	16	26.43685704
1991	11	17	25.71912993
1991	11	18	25.01352362
1991	11	19	20.4070955
1991	11	20	23.63836241
1991	11	21	27.90898268
1991	11	22	25.71912993
1991	11	23	26.43685704
1991	11	24	28.66353489
1991	11	25	26.43685704
1991	11	26	21.66457409
1991	11	27	24.31996044
1991	11	28	24.31996044
1991	11	29	24.31996044
1991	11	30	22.96865118
1991	12	1	23.63836241
1991	12	2	23.63836241
1991	12	3	23.63836241
1991	12	4	23.63836241
1991	12	5	23.63836241
1991	12	6	23.63836241
1991	12	7	22.96865118
1991	12	8	22.96865118
1991	12	9	22.96865118
1991	12	10	22.96865118
1991	12	11	22.96865118
1991	12	12	22.96865118
1991	12	13	22.96865118
1991	12	14	22.96865118
1991	12	15	22.96865118
1991	12	16	22.96865118
1991	12	17	22.96865118
1991	12	18	22.96865118
1991	12	19	22.96865118
1991	12	20	22.96865118
1991	12	21	22.96865118
1991	12	22	22.96865118
1991	12	23	22.96865118
1991	12	24	22.96865118
1991	12	25	22.96865118
1991	12	26	27.90898268
1991	12	27	37.80045665
1991	12	28	32.62423575
1991	12	29	29.43051531
1991	12	30	25.01352362
1991	12	31	23.63836241
1992	1	1	22.96865118
1992	1	2	22.96865118
1992	1	3	22.96865118
1992	1	4	22.96865118
1992	1	5	22.96865118
1992	1	6	22.96865118
1992	1	7	22.96865118
1992	1	8	24.31996044
1992	1	9	24.31996044
1992	1	10	24.31996044
1992	1	11	24.31996044
1992	1	12	22.96865118
1992	1	13	22.96865118
1992	1	14	22.96865118
1992	1	15	22.96865118
1992	1	16	22.96865118
1992	1	17	22.96865118
1992	1	18	22.96865118
1992	1	19	22.96865118
1992	1	20	22.96865118
1992	1	21	22.96865118
1992	1	22	22.96865118
1992	1	23	22.96865118
1992	1	24	22.96865118
1992	1	25	22.96865118
1992	1	26	22.96865118
1992	1	27	22.96865118
1992	1	28	22.96865118
1992	1	29	22.96865118
1992	1	30	22.96865118
1992	1	31	22.96865118
1992	2	1	22.96865118
1992	2	2	22.96865118
1992	2	3	22.96865118
1992	2	4	24.31996044
1992	2	5	24.31996044
1992	2	6	23.63836241
1992	2	7	23.63836241
1992	2	8	23.63836241
1992	2	9	23.63836241
1992	2	10	23.63836241
1992	2	11	22.96865118
1992	2	12	22.96865118
1992	2	13	22.96865118
1992	2	14	22.96865118
1992	2	15	22.96865118
1992	2	16	22.96865118
1992	2	17	22.96865118
1992	2	18	22.96865118
1992	2	19	22.96865118
1992	2	20	22.96865118
1992	2	21	22.96865118
1992	2	22	22.96865118
1992	2	23	22.96865118
1992	2	24	22.96865118
1992	2	25	22.96865118
1992	2	26	22.96865118
1992	2	27	22.96865118
1992	2	28	22.31074809
1992	2	29	22.31074809
1992	3	1	22.31074809
1992	3	2	22.31074809
1992	3	3	22.96865118
1992	3	4	22.96865118
1992	3	5	22.96865118
1992	3	6	22.96865118
1992	3	7	22.31074809
1992	3	8	22.31074809
1992	3	9	21.66457409
1992	3	10	21.66457409
1992	3	11	21.66457409
1992	3	12	21.66457409
1992	3	13	21.03004981
1992	3	14	21.03004981
1992	3	15	21.03004981
1992	3	16	21.03004981
1992	3	17	22.31074809
1992	3	18	23.63836241
1992	3	19	25.01352362
1992	3	20	26.43685704
1992	3	21	27.16678229
1992	3	22	27.90898268
1992	3	23	31.00206471
1992	3	24	36.0228385
1992	3	25	40.56643116
1992	3	26	45.44667888
1992	3	27	48.5401536
1992	3	28	44.44326486
1992	3	29	37.80045665
1992	3	30	34.29762852
1992	3	31	31.80678491
1992	4	1	30.21
1992	4	2	27.90898268
1992	4	3	25.71912993
1992	4	4	25.01352362
1992	4	5	21.66457409
1992	4	6	21.66457409
1992	4	7	21.03004981
1992	4	8	19.19557599
1992	4	9	21.03004981
1992	4	10	88.24086672
1992	4	11	392.4002944
1992	4	12	285.0172682
1992	4	13	164.8227748
1992	4	14	112.8890614
1992	4	15	82.28925168
1992	4	16	67.21797517
1992	4	17	53.97761224
1992	4	18	51.75995858
1992	4	19	46.46391779
1992	4	20	46.46391779
1992	4	21	43.45360458
1992	4	22	45.44667888
1992	4	23	44.44326486
1992	4	24	39.63106955
1992	4	25	37.80045665
1992	4	26	34.29762852
1992	4	27	30.21
1992	4	28	26.43685704
1992	4	29	23.63836241
1992	4	30	22.96865118
1992	5	1	24.31996044
1992	5	2	23.63836241
1992	5	3	21.66457409
1992	5	4	22.31074809
1992	5	5	22.96865118
1992	5	6	18.60684944
1992	5	7	19.79563106
1992	5	8	20.4070955
1992	5	9	27.16678229
1992	5	10	48.5401536
1992	5	11	44.44326486
1992	5	12	57.41215601
1992	5	13	26.43685704
1992	5	14	24.31996044
1992	5	15	25.01352362
1992	5	16	26.43685704
1992	5	17	27.16678229
1992	5	18	22.31074809
1992	5	19	19.79563106
1992	5	20	16.36359755
1992	5	21	12.39577516
1992	5	22	10.66034567
1992	5	23	10.66034567
1992	5	24	11.07914911
1992	5	25	12.39577516
1992	5	26	13.80455554
1992	5	27	18.60684944
1992	5	28	21.03004981
1992	5	29	19.79563106
1992	5	30	20.4070955
1992	5	31	27.16678229
1992	6	1	21.66457409
1992	6	2	17.46305651
1992	6	3	13.32457864
1992	6	4	13.80455554
1992	6	5	13.32457864
1992	6	6	14.79608709
1992	6	7	15.83028694
1992	6	8	21.66457409
1992	6	9	23.63836241
1992	6	10	19.19557599
1992	6	11	18.60684944
1992	6	12	18.02937016
1992	6	13	19.19557599
1992	6	14	19.19557599
1992	6	15	19.19557599
1992	6	16	23.63836241
1992	6	17	25.01352362
1992	6	18	27.90898268
1992	6	19	27.90898268
1992	6	20	29.43051531
1992	6	21	35.15371932
1992	6	22	33.45449209
1992	6	23	30.21
1992	6	24	30.21
1992	6	25	24.31996044
1992	6	26	22.31074809
1992	6	27	23.63836241
1992	6	28	23.63836241
1992	6	29	21.03004981
1992	6	30	20.4070955
1992	7	1	19.79563106
1992	7	2	20.4070955
1992	7	3	23.63836241
1992	7	4	58.58609639
1992	7	5	51.75995858
1992	7	6	73.83625097
1992	7	7	56.25280764
1992	7	8	41.51525949
1992	7	9	35.15371932
1992	7	10	31.80678491
1992	7	11	53.97761224
1992	7	12	143.4156037
1992	7	13	141.3750262
1992	7	14	232.0843564
1992	7	15	208.0861193
1992	7	16	275.7281903
1992	7	17	477.4699173
1992	7	18	1501.908441
1992	7	19	734.2515382
1992	7	20	269.640407
1992	7	21	147.5509068
1992	7	22	96.04346184
1992	7	23	62.19615259
1992	7	24	43.45360458
1992	7	25	31.00206471
1992	7	26	19.79563106
1992	7	27	15.30781135
1992	7	28	11.50792997
1992	7	29	9.083129256
1992	7	30	8.712875526
1992	7	31	11.07914911
1992	8	1	21.03004981
1992	8	2	25.01352362
1992	8	3	22.96865118
1992	8	4	22.31074809
1992	8	5	19.19557599
1992	8	6	19.19557599
1992	8	7	20.4070955
1992	8	8	22.31074809
1992	8	9	27.90898268
1992	8	10	59.77469718
1992	8	11	48.5401536
1992	8	12	46.46391779
1992	8	13	120.1014829
1992	8	14	127.5907881
1992	8	15	127.5907881
1992	8	16	173.9036778
1992	8	17	123.8112806
1992	8	18	94.45032838
1992	8	19	67.21797517
1992	8	20	47.49505248
1992	8	21	34.29762852
1992	8	22	30.21
1992	8	23	25.71912993
1992	8	24	25.71912993
1992	8	25	64.67706532
1992	8	26	535.3635313
1992	8	27	452.1132594
1992	8	28	218.5530893
1992	8	29	145.4742107
1992	8	30	102.5809697
1992	8	31	67.21797517
1992	9	1	49.59929157
1992	9	2	40.56643116
1992	9	3	36.0228385
1992	9	4	53.97761224
1992	9	5	69.81941876
1992	9	6	53.97761224
1992	9	7	38.70910227
1992	9	8	31.80678491
1992	9	9	38.70910227
1992	9	10	41.51525949
1992	9	11	36.90505979
1992	9	12	31.80678491
1992	9	13	29.43051531
1992	9	14	34.29762852
1992	9	15	38.70910227
1992	9	16	31.80678491
1992	9	17	25.71912993
1992	9	18	20.4070955
1992	9	19	16.36359755
1992	9	20	13.80455554
1992	9	21	13.80455554
1992	9	22	13.80455554
1992	9	23	14.29503001
1992	9	24	25.01352362
1992	9	25	173.9036778
1992	9	26	549.3063347
1992	9	27	257.7147421
1992	9	28	135.3608744
1992	9	29	92.87356579
1992	9	30	96.04346184
1992	10	1	89.76889876
1992	10	2	68.51109683
1992	10	3	55.10798267
1992	10	4	48.5401536
1992	10	5	41.51525949
1992	10	6	39.63106955
1992	10	7	36.0228385
1992	10	8	31.00206471
1992	10	9	27.16678229
1992	10	10	23.63836241
1992	10	11	21.66457409
1992	10	12	19.19557599
1992	10	13	17.46305651
1992	10	14	15.83028694
1992	10	15	14.29503001
1992	10	16	12.85501384
1992	10	17	11.94677618
1992	10	18	11.94677618
1992	10	19	15.83028694
1992	10	20	18.02937016
1992	10	21	16.36359755
1992	10	22	13.32457864
1992	10	23	11.94677618
1992	10	24	10.25143121
1992	10	25	10.25143121
1992	10	26	9.083129256
1992	10	27	8.000592072
1992	10	28	7.325325656
1992	10	29	7.00134091
1992	10	30	8.000592072
1992	10	31	9.083129256
1992	11	1	8.712875526
1992	11	2	8.712875526
1992	11	3	8.000592072
1992	11	4	7.658378163
1992	11	5	7.325325656
1992	11	6	7.325325656
1992	11	7	6.686329636
1992	11	8	7.658378163
1992	11	9	9.083129256
1992	11	10	8.000592072
1992	11	11	7.658378163
1992	11	12	8.000592072
1992	11	13	7.658378163
1992	11	14	7.325325656
1992	11	15	7.325325656
1992	11	16	7.325325656
1992	11	17	6.686329636
1992	11	18	9.852316751
1992	11	19	9.462912789
1992	11	20	7.00134091
1992	11	21	6.686329636
1992	11	22	8.352060395
1992	11	23	8.352060395
1992	11	24	9.462912789
1992	11	25	9.852316751
1992	11	26	9.083129256
1992	11	27	8.712875526
1992	11	28	8.712875526
1992	11	29	8.712875526
1992	11	30	9.083129256
1992	12	1	9.083129256
1992	12	2	9.462912789
1992	12	3	9.852316751
1992	12	4	10.25143121
1992	12	5	10.66034567
1992	12	6	11.07914911
1992	12	7	11.94677618
1992	12	8	14.79608709
1992	12	9	14.29503001
1992	12	10	13.80455554
1992	12	11	13.32457864
1992	12	12	12.85501384
1992	12	13	12.39577516
1992	12	14	11.94677618
1992	12	15	11.94677618
1992	12	16	11.94677618
1992	12	17	11.94677618
1992	12	18	11.94677618
1992	12	19	11.94677618
1992	12	20	11.94677618
1992	12	21	12.85501384
1992	12	22	13.80455554
1992	12	23	13.80455554
1992	12	24	13.80455554
1992	12	25	13.80455554
1992	12	26	13.80455554
1992	12	27	13.80455554
1992	12	28	14.29503001
1992	12	29	14.29503001
1992	12	30	14.29503001
1992	12	31	14.29503001
1993	1	1	14.29503001
1993	1	2	14.29503001
1993	1	3	14.29503001
1993	1	4	14.29503001
1993	1	5	14.29503001
1993	1	6	14.29503001
1993	1	7	14.29503001
1993	1	8	14.79608709
1993	1	9	14.79608709
1993	1	10	14.79608709
1993	1	11	14.79608709
1993	1	12	14.79608709
1993	1	13	16.90782645
1993	1	14	19.79563106
1993	1	15	19.79563106
1993	1	16	19.19557599
1993	1	17	18.60684944
1993	1	18	18.02937016
1993	1	19	17.46305651
1993	1	20	16.90782645
1993	1	21	16.36359755
1993	1	22	15.83028694
1993	1	23	15.30781135
1993	1	24	14.79608709
1993	1	25	14.29503001
1993	1	26	14.29503001
1993	1	27	14.79608709
1993	1	28	14.29503001
1993	1	29	14.29503001
1993	1	30	14.29503001
1993	1	31	14.29503001
1993	2	1	14.29503001
1993	2	2	13.80455554
1993	2	3	13.80455554
1993	2	4	13.80455554
1993	2	5	13.80455554
1993	2	6	13.32457864
1993	2	7	13.32457864
1993	2	8	13.32457864
1993	2	9	13.32457864
1993	2	10	13.32457864
1993	2	11	13.32457864
1993	2	12	13.32457864
1993	2	13	13.32457864
1993	2	14	13.32457864
1993	2	15	13.32457864
1993	2	16	14.29503001
1993	2	17	19.19557599
1993	2	18	27.90898268
1993	2	19	41.51525949
1993	2	20	51.75995858
1993	2	21	65.93998699
1993	2	22	86.7289503
1993	2	23	99.27909473
1993	2	24	100.9217205
1993	2	25	68.51109683
1993	2	26	46.46391779
1993	2	27	37.80045665
1993	2	28	32.62423575
1993	3	1	27.90898268
1993	3	2	23.63836241
1993	3	3	19.79563106
1993	3	4	17.46305651
1993	3	5	15.83028694
1993	3	6	15.83028694
1993	3	7	17.46305651
1993	3	8	18.02937016
1993	3	9	16.90782645
1993	3	10	16.90782645
1993	3	11	16.90782645
1993	3	12	16.90782645
1993	3	13	16.36359755
1993	3	14	17.46305651
1993	3	15	18.60684944
1993	3	16	19.19557599
1993	3	17	22.31074809
1993	3	18	25.01352362
1993	3	19	19.19557599
1993	3	20	21.66457409
1993	3	21	18.02937016
1993	3	22	15.30781135
1993	3	23	12.85501384
1993	3	24	11.94677618
1993	3	25	13.80455554
1993	3	26	17.46305651
1993	3	27	19.79563106
1993	3	28	22.31074809
1993	3	29	23.63836241
1993	3	30	19.19557599
1993	3	31	15.83028694
1993	4	1	15.30781135
1993	4	2	13.32457864
1993	4	3	14.29503001
1993	4	4	18.02937016
1993	4	5	13.80455554
1993	4	6	14.29503001
1993	4	7	13.32457864
1993	4	8	10.66034567
1993	4	9	10.66034567
1993	4	10	13.32457864
1993	4	11	14.29503001
1993	4	12	9.852316751
1993	4	13	8.352060395
1993	4	14	7.325325656
1993	4	15	8.352060395
1993	4	16	9.083129256
1993	4	17	8.352060395
1993	4	18	7.325325656
1993	4	19	7.658378163
1993	4	20	6.380196884
1993	4	21	5.242527935
1993	4	22	6.082847023
1993	4	23	7.325325656
1993	4	24	9.083129256
1993	4	25	11.50792997
1993	4	26	11.50792997
1993	4	27	11.07914911
1993	4	28	11.94677618
1993	4	29	13.80455554
1993	4	30	16.90782645
1993	5	1	20.4070955
1993	5	2	25.01352362
1993	5	3	32.62423575
1993	5	4	40.56643116
1993	5	5	45.44667888
1993	5	6	35.15371932
1993	5	7	27.16678229
1993	5	8	22.31074809
1993	5	9	18.60684944
1993	5	10	20.4070955
1993	5	11	24.31996044
1993	5	12	29.43051531
1993	5	13	39.63106955
1993	5	14	684.9058584
1993	5	15	1020.438758
1993	5	16	355.4459584
1993	5	17	180.9120842
1993	5	18	153.890122
1993	5	19	149.6457513
1993	5	20	111.1287589
1993	5	21	86.7289503
1993	5	22	123.8112806
1993	5	23	362.6572828
1993	5	24	190.5232231
1993	5	25	107.659085
1993	5	26	73.83625097
1993	5	27	53.97761224
1993	5	28	41.51525949
1993	5	29	34.29762852
1993	5	30	24.31996044
1993	5	31	27.16678229
1993	6	1	21.66457409
1993	6	2	25.01352362
1993	6	3	36.90505979
1993	6	4	99.27909473
1993	6	5	83.75320727
1993	6	6	49.59929157
1993	6	7	36.0228385
1993	6	8	26.43685704
1993	6	9	23.63836241
1993	6	10	22.96865118
1993	6	11	24.31996044
1993	6	12	24.31996044
1993	6	13	24.31996044
1993	6	14	35.15371932
1993	6	15	39.63106955
1993	6	16	35.15371932
1993	6	17	27.16678229
1993	6	18	22.31074809
1993	6	19	18.02937016
1993	6	20	16.36359755
1993	6	21	11.94677618
1993	6	22	11.07914911
1993	6	23	14.79608709
1993	6	24	22.31074809
1993	6	25	22.96865118
1993	6	26	27.16678229
1993	6	27	27.90898268
1993	6	28	22.96865118
1993	6	29	149.6457513
1993	6	30	602.3332353
1993	7	1	351.8736768
1993	7	2	176.2208856
1993	7	3	102.5809697
1993	7	4	63.42914297
1993	7	5	43.45360458
1993	7	6	29.43051531
1993	7	7	22.96865118
1993	7	8	21.66457409
1993	7	9	24.31996044
1993	7	10	31.00206471
1993	7	11	32.62423575
1993	7	12	91.31311049
1993	7	13	986.5010054
1993	7	14	3389.820163
1993	7	15	1806.159383
1993	7	16	933.6621703
1993	7	17	597.3879741
1993	7	18	973.123275
1993	7	19	888.8882357
1993	7	20	369.9579668
1993	7	21	229.3380234
1993	7	22	173.9036778
1993	7	23	133.3918178
1993	7	24	109.3854541
1993	7	25	99.27909473
1993	7	26	88.24086672
1993	7	27	75.20603786
1993	7	28	72.48192952
1993	7	29	85.23308529
1993	7	30	164.8227748
1993	7	31	344.7956155
1993	8	1	260.665056
1993	8	2	423.5993136
1993	8	3	1855.297474
1993	8	4	1185.772944
1993	8	5	530.7648823
1993	8	6	278.8035087
1993	8	7	188.0917024
1993	8	8	396.2200109
1993	8	9	3520.579328
1993	8	10	2323.387105
1993	8	11	3550.051476
1993	8	12	1286.06234
1993	8	13	723.1029616
1993	8	14	815.2572536
1993	8	15	785.727057
1993	8	16	647.9766365
1993	8	17	477.4699173
1993	8	18	351.8736768
1993	8	19	243.2717471
1993	8	20	205.5186391
1993	8	21	229.3380234
1993	8	22	530.7648823
1993	8	23	447.9697166
1993	8	24	285.0172682
1993	8	25	221.2193742
1993	8	26	281.8998501
1993	8	27	701.1198587
1993	8	28	663.6492268
1993	8	29	348.3235798
1993	8	30	213.2800822
1993	8	31	158.2077951
1993	9	1	147.5509068
1993	9	2	137.3477214
1993	9	3	127.5907881
1993	9	4	118.2725727
1993	9	5	89.76889876
1993	9	6	67.21797517
1993	9	7	59.77469718
1993	9	8	53.97761224
1993	9	9	50.67253658
1993	9	10	46.46391779
1993	9	11	36.0228385
1993	9	12	32.62423575
1993	9	13	33.45449209
1993	9	14	31.00206471
1993	9	15	32.62423575
1993	9	16	28.66353489
1993	9	17	50.67253658
1993	9	18	526.1906283
1993	9	19	317.3624212
1993	9	20	133.3918178
1993	9	21	77.99227114
1993	9	22	60.97802658
1993	9	23	43.45360458
1993	9	24	33.45449209
1993	9	25	32.62423575
1993	9	26	28.66353489
1993	9	27	26.43685704
1993	9	28	23.63836241
1993	9	29	23.63836241
1993	9	30	25.01352362
1993	10	1	18.60684944
1993	10	2	15.83028694
1993	10	3	13.80455554
1993	10	4	16.36359755
1993	10	5	19.19557599
1993	10	6	23.63836241
1993	10	7	25.01352362
1993	10	8	25.01352362
1993	10	9	26.43685704
1993	10	10	25.71912993
1993	10	11	25.01352362
1993	10	12	22.96865118
1993	10	13	22.96865118
1993	10	14	20.4070955
1993	10	15	18.02937016
1993	10	16	17.46305651
1993	10	17	17.46305651
1993	10	18	16.90782645
1993	10	19	15.83028694
1993	10	20	15.83028694
1993	10	21	15.83028694
1993	10	22	15.83028694
1993	10	23	15.83028694
1993	10	24	15.30781135
1993	10	25	15.83028694
1993	10	26	15.30781135
1993	10	27	14.79608709
1993	10	28	14.29503001
1993	10	29	17.46305651
1993	10	30	23.63836241
1993	10	31	28.66353489
1993	11	1	26.43685704
1993	11	2	21.66457409
1993	11	3	19.79563106
1993	11	4	18.60684944
1993	11	5	17.46305651
1993	11	6	16.36359755
1993	11	7	16.90782645
1993	11	8	20.4070955
1993	11	9	20.4070955
1993	11	10	17.46305651
1993	11	11	17.46305651
1993	11	12	18.60684944
1993	11	13	19.19557599
1993	11	14	31.80678491
1993	11	15	36.90505979
1993	11	16	32.62423575
1993	11	17	27.90898268
1993	11	18	27.16678229
1993	11	19	25.01352362
1993	11	20	21.03004981
1993	11	21	19.79563106
1993	11	22	18.02937016
1993	11	23	16.36359755
1993	11	24	15.30781135
1993	11	25	16.36359755
1993	11	26	16.36359755
1993	11	27	15.83028694
1993	11	28	14.29503001
1993	11	29	14.29503001
1993	11	30	13.80455554
1993	12	1	15.30781135
1993	12	2	15.30781135
1993	12	3	15.30781135
1993	12	4	15.83028694
1993	12	5	15.83028694
1993	12	6	16.36359755
1993	12	7	16.36359755
1993	12	8	16.90782645
1993	12	9	16.90782645
1993	12	10	16.36359755
1993	12	11	16.36359755
1993	12	12	15.83028694
1993	12	13	15.83028694
1993	12	14	15.83028694
1993	12	15	15.83028694
1993	12	16	16.36359755
1993	12	17	16.90782645
1993	12	18	16.90782645
1993	12	19	17.46305651
1993	12	20	18.02937016
1993	12	21	18.60684944
1993	12	22	19.19557599
1993	12	23	19.19557599
1993	12	24	19.19557599
1993	12	25	19.79563106
1993	12	26	19.79563106
1993	12	27	20.4070955
1993	12	28	20.4070955
1993	12	29	21.03004981
1993	12	30	21.03004981
1993	12	31	21.66457409
1994	1	1	21.03004981
1994	1	2	20.4070955
1994	1	3	20.4070955
1994	1	4	19.79563106
1994	1	5	19.79563106
1994	1	6	19.19557599
1994	1	7	19.19557599
1994	1	8	19.19557599
1994	1	9	19.19557599
1994	1	10	19.19557599
1994	1	11	19.19557599
1994	1	12	30.21
1994	1	13	30.21
1994	1	14	28.66353489
1994	1	15	28.66353489
1994	1	16	28.66353489
1994	1	17	28.66353489
1994	1	18	32.62423575
1994	1	19	29.43051531
1994	1	20	25.71912993
1994	1	21	25.01352362
1994	1	22	25.01352362
1994	1	23	26.43685704
1994	1	24	26.43685704
1994	1	25	26.43685704
1994	1	26	26.43685704
1994	1	27	26.43685704
1994	1	28	24.31996044
1994	1	29	22.96865118
1994	1	30	22.96865118
1994	1	31	22.96865118
1994	2	1	22.96865118
1994	2	2	22.96865118
1994	2	3	22.96865118
1994	2	4	22.96865118
1994	2	5	22.96865118
1994	2	6	22.96865118
1994	2	7	22.96865118
1994	2	8	22.96865118
1994	2	9	26.43685704
1994	2	10	26.43685704
1994	2	11	26.43685704
1994	2	12	26.43685704
1994	2	13	26.43685704
1994	2	14	26.43685704
1994	2	15	26.43685704
1994	2	16	26.43685704
1994	2	17	28.66353489
1994	2	18	27.16678229
1994	2	19	25.71912993
1994	2	20	24.31996044
1994	2	21	22.96865118
1994	2	22	21.66457409
1994	2	23	20.4070955
1994	2	24	19.79563106
1994	2	25	19.19557599
1994	2	26	18.60684944
1994	2	27	16.90782645
1994	2	28	17.46305651
1994	3	1	16.90782645
1994	3	2	16.90782645
1994	3	3	16.90782645
1994	3	4	16.90782645
1994	3	5	16.90782645
1994	3	6	18.60684944
1994	3	7	18.60684944
1994	3	8	20.4070955
1994	3	9	27.16678229
1994	3	10	25.71912993
1994	3	11	24.31996044
1994	3	12	24.31996044
1994	3	13	22.96865118
1994	3	14	21.66457409
1994	3	15	19.79563106
1994	3	16	18.02937016
1994	3	17	18.02937016
1994	3	18	18.02937016
1994	3	19	18.02937016
1994	3	20	16.90782645
1994	3	21	16.90782645
1994	3	22	16.90782645
1994	3	23	15.83028694
1994	3	24	15.83028694
1994	3	25	15.30781135
1994	3	26	14.79608709
1994	3	27	14.79608709
1994	3	28	14.29503001
1994	3	29	13.80455554
1994	3	30	13.32457864
1994	3	31	13.32457864
1994	4	1	13.80455554
1994	4	2	13.80455554
1994	4	3	14.29503001
1994	4	4	15.30781135
1994	4	5	13.80455554
1994	4	6	14.79608709
1994	4	7	14.29503001
1994	4	8	14.29503001
1994	4	9	14.29503001
1994	4	10	14.79608709
1994	4	11	14.29503001
1994	4	12	14.29503001
1994	4	13	15.83028694
1994	4	14	17.46305651
1994	4	15	19.79563106
1994	4	16	18.02937016
1994	4	17	16.90782645
1994	4	18	15.30781135
1994	4	19	12.39577516
1994	4	20	13.80455554
1994	4	21	12.85501384
1994	4	22	13.80455554
1994	4	23	11.94677618
1994	4	24	12.85501384
1994	4	25	12.39577516
1994	4	26	10.66034567
1994	4	27	10.66034567
1994	4	28	9.852316751
1994	4	29	9.083129256
1994	4	30	8.712875526
1994	5	1	8.712875526
1994	5	2	9.852316751
1994	5	3	11.07914911
1994	5	4	11.94677618
1994	5	5	14.29503001
1994	5	6	14.29503001
1994	5	7	13.32457864
1994	5	8	12.39577516
1994	5	9	12.39577516
1994	5	10	11.94677618
1994	5	11	13.32457864
1994	5	12	16.90782645
1994	5	13	18.02937016
1994	5	14	17.46305651
1994	5	15	56.25280764
1994	5	16	200.4423998
1994	5	17	158.2077951
1994	5	18	88.24086672
1994	5	19	53.97761224
1994	5	20	36.90505979
1994	5	21	27.90898268
1994	5	22	24.31996044
1994	5	23	21.66457409
1994	5	24	18.60684944
1994	5	25	18.02937016
1994	5	26	23.63836241
1994	5	27	30.21
1994	5	28	27.90898268
1994	5	29	21.66457409
1994	5	30	18.02937016
1994	5	31	15.30781135
1994	6	1	12.39577516
1994	6	2	11.07914911
1994	6	3	11.50792997
1994	6	4	12.39577516
1994	6	5	12.85501384
1994	6	6	13.32457864
1994	6	7	13.80455554
1994	6	8	13.32457864
1994	6	9	13.80455554
1994	6	10	12.85501384
1994	6	11	11.94677618
1994	6	12	11.07914911
1994	6	13	10.25143121
1994	6	14	9.462912789
1994	6	15	8.352060395
1994	6	16	7.325325656
1994	6	17	7.325325656
1994	6	18	9.083129256
1994	6	19	11.50792997
1994	6	20	14.29503001
1994	6	21	12.85501384
1994	6	22	11.50792997
1994	6	23	11.50792997
1994	6	24	14.29503001
1994	6	25	14.29503001
1994	6	26	13.80455554
1994	6	27	17.46305651
1994	6	28	22.96865118
1994	6	29	27.90898268
1994	6	30	25.71912993
1994	7	1	278.8035087
1994	7	2	602.3332353
1994	7	3	384.829062
1994	7	4	176.2208856
1994	7	5	94.45032838
1994	7	6	60.97802658
1994	7	7	39.63106955
1994	7	8	33.45449209
1994	7	9	27.90898268
1994	7	10	21.03004981
1994	7	11	17.46305651
1994	7	12	13.32457864
1994	7	13	10.66034567
1994	7	14	8.712875526
1994	7	15	8.000592072
1994	7	16	7.325325656
1994	7	17	13.32457864
1994	7	18	24.31996044
1994	7	19	20.4070955
1994	7	20	18.02937016
1994	7	21	15.83028694
1994	7	22	13.32457864
1994	7	23	11.94677618
1994	7	24	11.50792997
1994	7	25	11.50792997
1994	7	26	11.94677618
1994	7	27	12.85501384
1994	7	28	12.85501384
1994	7	29	12.39577516
1994	7	30	13.32457864
1994	7	31	12.85501384
1994	8	1	16.90782645
1994	8	2	31.80678491
1994	8	3	65.93998699
1994	8	4	37.80045665
1994	8	5	27.16678229
1994	8	6	20.4070955
1994	8	7	13.80455554
1994	8	8	9.852316751
1994	8	9	7.658378163
1994	8	10	8.000592072
1994	8	11	9.083129256
1994	8	12	10.25143121
1994	8	13	13.80455554
1994	8	14	8.712875526
1994	8	15	6.686329636
1994	8	16	5.242527935
1994	8	17	4.72444426
1994	8	18	4.477743207
1994	8	19	4.008518068
1994	8	20	4.72444426
1994	8	21	4.477743207
1994	8	22	4.239135062
1994	8	23	3.570846132
1994	8	24	3.570846132
1994	8	25	3.363583228
1994	8	26	4.008518068
1994	8	27	4.477743207
1994	8	28	4.979339137
1994	8	29	6.380196884
1994	8	30	109.3854541
1994	8	31	51.75995858
1994	9	1	24.31996044
1994	9	2	11.94677618
1994	9	3	7.325325656
1994	9	4	5.794183727
1994	9	5	5.514109956
1994	9	6	5.514109956
1994	9	7	5.794183727
1994	9	8	4.239135062
1994	9	9	3.570846132
1994	9	10	3.570846132
1994	9	11	3.785789598
1994	9	12	4.477743207
1994	9	13	4.008518068
1994	9	14	4.008518068
1994	9	15	3.163895491
1994	9	16	2.971676546
1994	9	17	2.971676546
1994	9	18	3.163895491
1994	9	19	4.477743207
1994	9	20	5.514109956
1994	9	21	4.72444426
1994	9	22	4.979339137
1994	9	23	4.72444426
1994	9	24	3.785789598
1994	9	25	3.363583228
1994	9	26	3.785789598
1994	9	27	3.363583228
1994	9	28	3.163895491
1994	9	29	2.786818999
1994	9	30	3.163895491
1994	10	1	2.971676546
1994	10	2	3.163895491
1994	10	3	2.971676546
1994	10	4	2.609214409
1994	10	5	2.609214409
1994	10	6	2.438753244
1994	10	7	2.438753244
1994	10	8	2.275324848
1994	10	9	2.118817395
1994	10	10	2.118817395
1994	10	11	2.118817395
1994	10	12	5.514109956
1994	10	13	23.63836241
1994	10	14	22.96865118
1994	10	15	12.85501384
1994	10	16	9.083129256
1994	10	17	8.352060395
1994	10	18	17.46305651
1994	10	19	13.32457864
1994	10	20	8.712875526
1994	10	21	7.325325656
1994	10	22	11.50792997
1994	10	23	25.01352362
1994	10	24	19.79563106
1994	10	25	13.32457864
1994	10	26	9.083129256
1994	10	27	7.325325656
1994	10	28	6.082847023
1994	10	29	5.242527935
1994	10	30	4.72444426
1994	10	31	4.008518068
1994	11	1	3.570846132
1994	11	2	3.163895491
1994	11	3	2.971676546
1994	11	4	2.786818999
1994	11	5	2.609214409
1994	11	6	2.438753244
1994	11	7	2.438753244
1994	11	8	2.275324848
1994	11	9	2.438753244
1994	11	10	2.438753244
1994	11	11	2.275324848
1994	11	12	2.118817395
1994	11	13	2.118817395
1994	11	14	1.969117848
1994	11	15	2.118817395
1994	11	16	2.275324848
1994	11	17	2.275324848
1994	11	18	2.609214409
1994	11	19	2.609214409
1994	11	20	2.609214409
1994	11	21	2.609214409
1994	11	22	2.609214409
1994	11	23	2.438753244
1994	11	24	2.275324848
1994	11	25	2.118817395
1994	11	26	2.118817395
1994	11	27	1.969117848
1994	11	28	1.969117848
1994	11	29	1.826111908
1994	11	30	1.826111908
1994	12	1	1.826111908
1994	12	2	1.689683966
1994	12	3	1.689683966
1994	12	4	1.689683966
1994	12	5	1.689683966
1994	12	6	1.689683966
1994	12	7	1.689683966
1994	12	8	1.559717047
1994	12	9	1.826111908
1994	12	10	1.826111908
1994	12	11	2.118817395
1994	12	12	2.275324848
1994	12	13	2.438753244
1994	12	14	2.438753244
1994	12	15	2.438753244
1994	12	16	2.438753244
1994	12	17	2.438753244
1994	12	18	2.438753244
1994	12	19	2.438753244
1994	12	20	2.438753244
1994	12	21	2.275324848
1994	12	22	2.438753244
1994	12	23	2.438753244
1994	12	24	2.438753244
1994	12	25	2.609214409
1994	12	26	2.609214409
1994	12	27	2.609214409
1994	12	28	2.438753244
1994	12	29	2.438753244
1994	12	30	2.438753244
1994	12	31	2.275324848
1995	1	1	50.26405611
1995	1	2	2.118817395
1995	1	3	2.118817395
1995	1	4	1.826111908
1995	1	5	1.826111908
1995	1	6	1.826111908
1995	1	7	1.826111908
1995	1	8	1.826111908
1995	1	9	1.826111908
1995	1	10	1.826111908
1995	1	11	1.826111908
1995	1	12	1.826111908
1995	1	13	1.826111908
1995	1	14	1.826111908
1995	1	15	1.689683966
1995	1	16	1.689683966
1995	1	17	1.689683966
1995	1	18	1.689683966
1995	1	19	1.689683966
1995	1	20	1.826111908
1995	1	21	2.118817395
1995	1	22	2.275324848
1995	1	23	2.275324848
1995	1	24	2.118817395
1995	1	25	1.826111908
1995	1	26	1.436092754
1995	1	27	1.318691202
1995	1	28	1.436092754
1995	1	29	1.826111908
1995	1	30	1.826111908
1995	1	31	1.826111908
1995	2	1	1.826111908
1995	2	2	1.826111908
1995	2	3	1.826111908
1995	2	4	1.826111908
1995	2	5	1.826111908
1995	2	6	2.118817395
1995	2	7	2.118817395
1995	2	8	2.118817395
1995	2	9	2.118817395
1995	2	10	2.118817395
1995	2	11	2.118817395
1995	2	12	2.118817395
1995	2	13	2.118817395
1995	2	14	2.118817395
1995	2	15	1.826111908
1995	2	16	1.826111908
1995	2	17	1.826111908
1995	2	18	1.826111908
1995	2	19	1.436092754
1995	2	20	1.318691202
1995	2	21	1.102068945
1995	2	22	1.102068945
1995	2	23	1.102068945
1995	2	24	1.002600405
1995	2	25	1.002600405
1995	2	26	1.002600405
1995	2	27	1.002600405
1995	2	28	1.102068945
1995	3	1	1.102068945
1995	3	2	1.102068945
1995	3	3	1.102068945
1995	3	4	1.002600405
1995	3	5	1.002600405
1995	3	6	1.002600405
1995	3	7	1.002600405
1995	3	8	1.002600405
1995	3	9	1.002600405
1995	3	10	1.436092754
1995	3	11	2.118817395
1995	3	12	2.275324848
1995	3	13	2.438753244
1995	3	14	2.275324848
1995	3	15	2.275324848
1995	3	16	2.786818999
1995	3	17	4.008518068
1995	3	18	4.72444426
1995	3	19	4.239135062
1995	3	20	3.570846132
1995	3	21	3.363583228
1995	3	22	2.786818999
1995	3	23	2.438753244
1995	3	24	2.275324848
1995	3	25	2.275324848
1995	3	26	2.275324848
1995	3	27	2.275324848
1995	3	28	2.118817395
1995	3	29	1.826111908
1995	3	30	1.826111908
1995	3	31	1.826111908
1995	4	1	4.008518068
1995	4	2	19.79563106
1995	4	3	29.43051531
1995	4	4	50.67253658
1995	4	5	97.65302954
1995	4	6	97.65302954
1995	4	7	97.65302954
1995	4	8	97.65302954
1995	4	9	97.65302954
1995	4	10	97.65302954
1995	4	11	97.65302954
1995	4	12	97.65302954
1995	4	13	97.65302954
1995	4	14	97.65302954
1995	4	15	97.65302954
1995	4	16	97.65302954
1995	4	17	97.65302954
1995	4	18	97.65302954
1995	4	19	97.65302954
1995	4	20	97.65302954
1995	4	21	97.65302954
1995	4	22	97.65302954
1995	4	23	97.65302954
1995	4	24	97.65302954
1995	4	25	63.42914297
1995	4	26	27.90898268
1995	4	27	14.79608709
1995	4	28	8.712875526
1995	4	29	2.786818999
1995	4	30	3.363583228
1995	5	1	2.438753244
1995	5	2	1.826111908
1995	5	3	1.436092754
1995	5	4	1.002600405
1995	5	5	0.660700791
1995	5	6	0.521486549
1995	5	7	0.459335217
1995	5	8	0.349232386
1995	5	9	0.217352225
1995	5	10	0.217352225
1995	5	11	0.217352225
1995	5	12	0.181647634
1995	5	13	0.349232386
1995	5	14	0.459335217
1995	5	15	0.521486549
1995	5	16	0.820715599
1995	5	17	1.002600405
1995	5	18	0.820715599
1995	5	19	0.660700791
1995	5	20	0.820715599
1995	5	21	2.438753244
1995	5	22	11.94677618
1995	5	23	17.46305651
1995	5	24	10.25143121
1995	5	25	4.979339137
1995	5	26	2.438753244
1995	5	27	1.436092754
1995	5	28	0.820715599
1995	5	29	0.459335217
1995	5	30	0.459335217
1995	5	31	0.349232386
1995	6	1	0.217352225
1995	6	2	0.097009239
1995	6	3	0.217352225
1995	6	4	4.72444426
1995	6	5	16.36359755
1995	6	6	11.07914911
1995	6	7	6.082847023
1995	6	8	3.570846132
1995	6	9	1.826111908
1995	6	10	0.820715599
1995	6	11	0.459335217
1995	6	12	0.459335217
1995	6	13	0.820715599
1995	6	14	0.820715599
1995	6	15	0.660700791
1995	6	16	0.521486549
1995	6	17	0.459335217
1995	6	18	0.349232386
1995	6	19	0.660700791
1995	6	20	1.436092754
1995	6	21	1.826111908
1995	6	22	1.689683966
1995	6	23	1.689683966
1995	6	24	1.436092754
1995	6	25	1.318691202
1995	6	26	1.102068945
1995	6	27	1.102068945
1995	6	28	1.318691202
1995	6	29	1.826111908
1995	6	30	2.118817395
1995	7	1	1.826111908
1995	7	2	1.826111908
1995	7	3	2.275324848
1995	7	4	2.275324848
1995	7	5	2.118817395
1995	7	6	1.689683966
1995	7	7	1.318691202
1995	7	8	1.689683966
1995	7	9	2.786818999
1995	7	10	4.72444426
1995	7	11	6.082847023
1995	7	12	30.21
1995	7	13	45.44667888
1995	7	14	24.31996044
1995	7	15	12.85501384
1995	7	16	8.712875526
1995	7	17	6.380196884
1995	7	18	4.979339137
1995	7	19	4.72444426
1995	7	20	4.008518068
1995	7	21	4.72444426
1995	7	22	6.686329636
1995	7	23	8.000592072
1995	7	24	11.50792997
1995	7	25	47.49505248
1995	7	26	123.8112806
1995	7	27	86.7289503
1995	7	28	49.59929157
1995	7	29	25.71912993
1995	7	30	11.94677618
1995	7	31	6.082847023
1995	8	1	4.239135062
1995	8	2	2.786818999
1995	8	3	1.436092754
1995	8	4	1.102068945
1995	8	5	0.660700791
1995	8	6	0.459335217
1995	8	7	0.181647634
1995	8	8	0.097009239
1995	8	9	0.121646928
1995	8	10	0.217352225
1995	8	11	0.660700791
1995	8	12	2.275324848
1995	8	13	2.971676546
1995	8	14	1.826111908
1995	8	15	1.689683966
1995	8	16	2.786818999
1995	8	17	8.000592072
1995	8	18	9.083129256
1995	8	19	6.380196884
1995	8	20	4.979339137
1995	8	21	42.47762667
1995	8	22	97.65302954
1995	8	23	53.97761224
1995	8	24	43.45360458
1995	8	25	251.8759929
1995	8	26	966.4765263
1995	8	27	679.5530047
1995	8	28	381.0774438
1995	8	29	188.0917024
1995	8	30	248.9874486
1995	8	31	1700.897351
1995	9	1	2081.247251
1995	9	2	499.2546651
1995	9	3	210.6732483
1995	9	4	120.1014829
1995	9	5	77.99227114
1995	9	6	52.8616273
1995	9	7	40.56643116
1995	9	8	39.63106955
1995	9	9	41.51525949
1995	9	10	38.70910227
1995	9	11	31.00206471
1995	9	12	25.01352362
1995	9	13	19.79563106
1995	9	14	14.79608709
1995	9	15	11.07914911
1995	9	16	8.000592072
1995	9	17	6.380196884
1995	9	18	4.979339137
1995	9	19	4.008518068
1995	9	20	3.363583228
1995	9	21	2.786818999
1995	9	22	2.786818999
1995	9	23	3.363583228
1995	9	24	4.72444426
1995	9	25	5.242527935
1995	9	26	9.462912789
1995	9	27	8.712875526
1995	9	28	6.380196884
1995	9	29	4.979339137
1995	9	30	4.008518068
1995	10	1	3.363583228
1995	10	2	2.971676546
1995	10	3	3.363583228
1995	10	4	4.72444426
1995	10	5	4.979339137
1995	10	6	4.008518068
1995	10	7	3.570846132
1995	10	8	3.363583228
1995	10	9	2.971676546
1995	10	10	2.971676546
1995	10	11	2.786818999
1995	10	12	2.786818999
1995	10	13	2.786818999
1995	10	14	2.438753244
1995	10	15	2.786818999
1995	10	16	2.275324848
1995	10	17	6.082847023
1995	10	18	4.979339137
1995	10	19	4.008518068
1995	10	20	3.363583228
1995	10	21	2.438753244
1995	10	22	2.275324848
1995	10	23	2.118817395
1995	10	24	1.826111908
1995	10	25	1.826111908
1995	10	26	1.436092754
1995	10	27	1.436092754
1995	10	28	1.436092754
1995	10	29	1.318691202
1995	10	30	1.318691202
1995	10	31	1.102068945
1995	11	1	1.102068945
1995	11	2	1.102068945
1995	11	3	1.102068945
1995	11	4	1.102068945
1995	11	5	1.436092754
1995	11	6	1.436092754
1995	11	7	1.436092754
1995	11	8	1.436092754
1995	11	9	1.436092754
1995	11	10	1.436092754
1995	11	11	1.436092754
1995	11	12	1.436092754
1995	11	13	1.436092754
1995	11	14	1.436092754
1995	11	15	1.436092754
1995	11	16	1.436092754
1995	11	17	1.436092754
1995	11	18	1.318691202
1995	11	19	1.318691202
1995	11	20	1.436092754
1995	11	21	1.318691202
1995	11	22	1.318691202
1995	11	23	1.318691202
1995	11	24	1.318691202
1995	11	25	1.102068945
1995	11	26	1.318691202
1995	11	27	1.436092754
1995	11	28	1.318691202
1995	11	29	1.318691202
1995	11	30	1.102068945
1995	12	1	1.318691202
1995	12	2	1.102068945
1995	12	3	1.102068945
1995	12	4	1.318691202
1995	12	5	1.436092754
1995	12	6	1.436092754
1995	12	7	1.436092754
1995	12	8	1.436092754
1995	12	9	1.436092754
1995	12	10	1.436092754
1995	12	11	1.436092754
1995	12	12	1.436092754
1995	12	13	1.318691202
1995	12	14	1.436092754
1995	12	15	1.318691202
1995	12	16	1.318691202
1995	12	17	1.436092754
1995	12	18	1.318691202
1995	12	19	1.318691202
1995	12	20	1.436092754
1995	12	21	1.318691202
1995	12	22	1.102068945
1995	12	23	1.318691202
1995	12	24	1.318691202
1995	12	25	0.820715599
1995	12	26	0.820715599
1995	12	27	0.820715599
1995	12	28	0.820715599
1995	12	29	1.436092754
1995	12	30	1.689683966
1995	12	31	1.318691202
