1986	1	1	153.2254984
1986	1	2	170.233567
1986	1	3	178.1131766
1986	1	4	155.066236
1986	1	5	132.0841602
1986	1	6	133.7794933
1986	1	7	132.0841602
1986	1	8	132.0841602
1986	1	9	132.0841602
1986	1	10	130.4008348
1986	1	11	130.4008348
1986	1	12	130.4008348
1986	1	13	130.4008348
1986	1	14	127.0701382
1986	1	15	118.9523201
1986	1	16	108.0853345
1986	1	17	103.6045495
1986	1	18	102.1343529
1986	1	19	112.6717983
1986	1	20	112.6717983
1986	1	21	111.1312045
1986	1	22	108.0853345
1986	1	23	96.37006121
1986	1	24	82.76813023
1986	1	25	85.39670169
1986	1	26	85.39670169
1986	1	27	78.91070662
1986	1	28	73.92610194
1986	1	29	76.39581134
1986	1	30	106.5800219
1986	1	31	149.5806312
1986	2	1	155.066236
1986	2	2	142.4368689
1986	2	3	132.0841602
1986	2	4	133.7794933
1986	2	5	120.5520767
1986	2	6	92.1686334
1986	2	7	80.18515013
1986	2	8	77.64760049
1986	2	9	78.91070662
1986	2	10	78.91070662
1986	2	11	81.47095128
1986	2	12	85.39670169
1986	2	13	78.91070662
1986	2	14	72.70814036
1986	2	15	88.07102373
1986	2	16	117.3644318
1986	2	17	114.2241888
1986	2	18	118.9523201
1986	2	19	114.2241888
1986	2	20	94.95801784
1986	2	21	93.55754829
1986	2	22	89.42539053
1986	2	23	81.47095128
1986	2	24	75.15531869
1986	2	25	77.64760049
1986	2	26	80.18515013
1986	2	27	71.50141314
1986	2	28	67.94842751
1986	3	1	77.64760049
1986	3	2	94.95801784
1986	3	3	99.22894561
1986	3	4	103.6045495
1986	3	5	96.37006121
1986	3	6	78.91070662
1986	3	7	71.50141314
1986	3	8	67.94842751
1986	3	9	76.39581134
1986	3	10	78.91070662
1986	3	11	72.70814036
1986	3	12	71.50141314
1986	3	13	71.50141314
1986	3	14	102.1343529
1986	3	15	205.098804
1986	3	16	229.5961347
1986	3	17	227.3055362
1986	3	18	222.7625956
1986	3	19	220.5102249
1986	3	20	222.7625956
1986	3	21	231.8995045
1986	3	22	213.8293379
1986	3	23	205.098804
1986	3	24	198.683376
1986	3	25	188.2421338
1986	3	26	174.1486047
1986	3	27	162.5515918
1986	3	28	153.2254984
1986	3	29	147.7764688
1986	3	30	138.9377089
1986	3	31	140.6812427
1986	4	1	130.4008348
1986	4	2	122.1637192
1986	4	3	120.5520767
1986	4	4	137.2062507
1986	4	5	144.2046043
1986	4	6	137.2062507
1986	4	7	133.7794933
1986	4	8	112.6717983
1986	4	9	93.55754829
1986	4	10	85.39670169
1986	4	11	81.47095128
1986	4	12	75.15531869
1986	4	13	71.50141314
1986	4	14	88.07102373
1986	4	15	102.1343529
1986	4	16	118.9523201
1986	4	17	127.0701382
1986	4	18	127.0701382
1986	4	19	120.5520767
1986	4	20	118.9523201
1986	4	21	115.788394
1986	4	22	111.1312045
1986	4	23	94.95801784
1986	4	24	73.92610194
1986	4	25	61.14291829
1986	4	26	55.77488826
1986	4	27	55.77488826
1986	4	28	60.04736264
1986	4	29	88.07102373
1986	4	30	93.55754829
1986	5	1	97.79369748
1986	5	2	103.6045495
1986	5	3	111.1312045
1986	5	4	117.3644318
1986	5	5	108.0853345
1986	5	6	93.55754829
1986	5	7	75.15531869
1986	5	8	66.78642705
1986	5	9	57.88922067
1986	5	10	50.67952814
1986	5	11	46.79761814
1986	5	12	43.08683639
1986	5	13	45.85394
1986	5	14	54.73409406
1986	5	15	112.6717983
1986	5	16	128.7294999
1986	5	17	112.6717983
1986	5	18	92.1686334
1986	5	19	93.55754829
1986	5	20	122.1637192
1986	5	21	133.7794933
1986	5	22	168.2945843
1986	5	23	145.9844654
1986	5	24	120.5520767
1986	5	25	117.3644318
1986	5	26	84.07670705
1986	5	27	69.12157784
1986	5	28	57.88922067
1986	5	29	54.73409406
1986	5	30	55.77488826
1986	5	31	64.49578985
1986	6	1	73.92610194
1986	6	2	67.94842751
1986	6	3	61.14291829
1986	6	4	53.70418405
1986	6	5	55.77488826
1986	6	6	57.88922067
1986	6	7	51.67692434
1986	6	8	56.82658955
1986	6	9	48.71708568
1986	6	10	43.08683639
1986	6	11	34.54815806
1986	6	12	37.83808395
1986	6	13	53.70418405
1986	6	14	60.04736264
1986	6	15	69.12157784
1986	6	16	78.91070662
1986	6	17	192.3810501
1986	6	18	234.2156596
1986	6	19	220.5102249
1986	6	20	142.4368689
1986	6	21	105.086433
1986	6	22	76.39581134
1986	6	23	149.5806312
1986	6	24	381.6914809
1986	6	25	3780.586693
1986	6	26	5034.748629
1986	6	27	3440.806862
1986	6	28	1572.897571
1986	6	29	852.5961809
1986	6	30	690.6611616
1986	7	1	636.8073493
1986	7	2	455.3660646
1986	7	3	343.2212008
1986	7	4	265.4955396
1986	7	5	227.3055362
1986	7	6	218.270568
1986	7	7	205.098804
1986	7	8	178.1131766
1986	7	9	151.3969689
1986	7	10	135.4868511
1986	7	11	144.2046043
1986	7	12	255.638725
1986	7	13	462.1151506
1986	7	14	624.7237881
1986	7	15	755.833878
1986	7	16	597.0281082
1986	7	17	716.3385186
1986	7	18	1379.196201
1986	7	19	1323.832687
1986	7	20	796.5106829
1986	7	21	644.9345889
1986	7	22	1176.625675
1986	7	23	1397.931179
1986	7	24	1092.906711
1986	7	25	847.8413029
1986	7	26	624.7237881
1986	7	27	435.4492722
1986	7	28	326.2286613
1986	7	29	250.7879232
1986	7	30	209.4387889
1986	7	31	162.5515918
1986	8	1	130.4008348
1986	8	2	112.6717983
1986	8	3	97.79369748
1986	8	4	94.95801784
1986	8	5	105.086433
1986	8	6	125.4227325
1986	8	7	125.4227325
1986	8	8	109.6023893
1986	8	9	151.3969689
1986	8	10	184.1531835
1986	8	11	174.1486047
1986	8	12	220.5102249
1986	8	13	326.2286613
1986	8	14	585.3718465
1986	8	15	2159.609602
1986	8	16	1397.931179
1986	8	17	585.3718465
1986	8	18	428.9201918
1986	8	19	397.0945016
1986	8	20	346.0999664
1986	8	21	547.4374929
1986	8	22	682.2176671
1986	8	23	573.8431693
1986	8	24	604.8699684
1986	8	25	397.0945016
1986	8	26	278.1087032
1986	8	27	216.0436105
1986	8	28	435.4492722
1986	8	29	1423.129881
1986	8	30	1299.630713
1986	8	31	1182.329219
1986	9	1	636.8073493
1986	9	2	425.6761967
1986	9	3	378.6514726
1986	9	4	372.6119557
1986	9	5	343.2212008
1986	9	6	278.1087032
1986	9	7	248.3818756
1986	9	8	222.7625956
1986	9	9	202.9477362
1986	9	10	200.8092652
1986	9	11	205.098804
1986	9	12	194.4692835
1986	9	13	184.1531835
1986	9	14	168.2945843
1986	9	15	145.9844654
1986	9	16	123.7872653
1986	9	17	117.3644318
1986	9	18	108.0853345
1986	9	19	105.086433
1986	9	20	111.1312045
1986	9	21	733.7466026
1986	9	22	1606.560532
1986	9	23	1216.872742
1986	9	24	787.3689361
1986	9	25	521.7212691
1986	9	26	375.6249682
1986	9	27	296.3154807
1986	9	28	241.2409794
1986	9	29	200.8092652
1986	9	30	184.1531835
1986	10	1	174.1486047
1986	10	2	234.2156596
1986	10	3	243.6084176
1986	10	4	216.0436105
1986	10	5	196.5700538
1986	10	6	180.1140769
1986	10	7	160.6618598
1986	10	8	147.7764688
1986	10	9	138.9377089
1986	10	10	135.4868511
1986	10	11	151.3969689
1986	10	12	293.6751986
1986	10	13	562.4417938
1986	10	14	465.5103988
1986	10	15	317.9118603
1986	10	16	250.7879232
1986	10	17	213.8293379
1986	10	18	180.1140769
1986	10	19	160.6618598
1986	10	20	147.7764688
1986	10	21	137.2062507
1986	10	22	142.4368689
1986	10	23	180.1140769
1986	10	24	211.6277356
1986	10	25	216.0436105
1986	10	26	213.8293379
1986	10	27	190.3053386
1986	10	28	180.1140769
1986	10	29	158.7844005
1986	10	30	147.7764688
1986	10	31	144.2046043
1986	11	1	140.6812427
1986	11	2	138.9377089
1986	11	3	142.4368689
1986	11	4	142.4368689
1986	11	5	133.7794933
1986	11	6	128.7294999
1986	11	7	127.0701382
1986	11	8	123.7872653
1986	11	9	120.5520767
1986	11	10	115.788394
1986	11	11	118.9523201
1986	11	12	122.1637192
1986	11	13	117.3644318
1986	11	14	118.9523201
1986	11	15	120.5520767
1986	11	16	117.3644318
1986	11	17	115.788394
1986	11	18	115.788394
1986	11	19	115.788394
1986	11	20	97.79369748
1986	11	21	92.1686334
1986	11	22	81.47095128
1986	11	23	78.91070662
1986	11	24	93.55754829
1986	11	25	102.1343529
1986	11	26	103.6045495
1986	11	27	102.1343529
1986	11	28	94.95801784
1986	11	29	89.42539053
1986	11	30	84.07670705
1986	12	1	71.50141314
1986	12	2	64.49578985
1986	12	3	62.24949336
1986	12	4	58.96280421
1986	12	5	57.88922067
1986	12	6	63.3671099
1986	12	7	88.07102373
1986	12	8	96.37006121
1986	12	9	97.79369748
1986	12	10	96.37006121
1986	12	11	94.95801784
1986	12	12	88.07102373
1986	12	13	81.47095128
1986	12	14	70.30589932
1986	12	15	69.12157784
1986	12	16	75.15531869
1986	12	17	73.92610194
1986	12	18	73.92610194
1986	12	19	90.79125394
1986	12	20	106.5800219
1986	12	21	138.9377089
1986	12	22	168.2945843
1986	12	23	170.233567
1986	12	24	153.2254984
1986	12	25	147.7764688
1986	12	26	144.2046043
1986	12	27	125.4227325
1986	12	28	103.6045495
1986	12	29	92.1686334
1986	12	30	90.79125394
1986	12	31	89.42539053
1987	1	1	80.18515013
1987	1	2	82.76813023
1987	1	3	112.6717983
1987	1	4	168.2945843
1987	1	5	236.5446145
1987	1	6	267.9921586
1987	1	7	229.5961347
1987	1	8	192.3810501
1987	1	9	172.1849018
1987	1	10	158.7844005
1987	1	11	145.9844654
1987	1	12	125.4227325
1987	1	13	114.2241888
1987	1	14	108.0853345
1987	1	15	92.1686334
1987	1	16	89.42539053
1987	1	17	112.6717983
1987	1	18	133.7794933
1987	1	19	127.0701382
1987	1	20	125.4227325
1987	1	21	123.7872653
1987	1	22	125.4227325
1987	1	23	118.9523201
1987	1	24	105.086433
1987	1	25	102.1343529
1987	1	26	89.42539053
1987	1	27	75.15531869
1987	1	28	72.70814036
1987	1	29	86.728134
1987	1	30	86.728134
1987	1	31	77.64760049
1987	2	1	67.94842751
1987	2	2	67.94842751
1987	2	3	84.07670705
1987	2	4	84.07670705
1987	2	5	82.76813023
1987	2	6	97.79369748
1987	2	7	108.0853345
1987	2	8	103.6045495
1987	2	9	85.39670169
1987	2	10	69.12157784
1987	2	11	67.94842751
1987	2	12	92.1686334
1987	2	13	265.4955396
1987	2	14	852.5961809
1987	2	15	640.8638091
1987	2	16	412.8369137
1987	2	17	320.6708671
1987	2	18	273.0243903
1987	2	19	245.9887117
1987	2	20	222.7625956
1987	2	21	200.8092652
1987	2	22	184.1531835
1987	2	23	168.2945843
1987	2	24	140.6812427
1987	2	25	122.1637192
1987	2	26	112.6717983
1987	2	27	102.1343529
1987	2	28	90.79125394
1987	3	1	85.39670169
1987	3	2	88.07102373
1987	3	3	90.79125394
1987	3	4	108.0853345
1987	3	5	122.1637192
1987	3	6	120.5520767
1987	3	7	122.1637192
1987	3	8	120.5520767
1987	3	9	117.3644318
1987	3	10	112.6717983
1987	3	11	99.22894561
1987	3	12	88.07102373
1987	3	13	76.39581134
1987	3	14	67.94842751
1987	3	15	66.78642705
1987	3	16	65.63555501
1987	3	17	86.728134
1987	3	18	81.47095128
1987	3	19	69.12157784
1987	3	20	72.70814036
1987	3	21	75.15531869
1987	3	22	73.92610194
1987	3	23	86.728134
1987	3	24	164.4536126
1987	3	25	288.4340011
1987	3	26	291.0480431
1987	3	27	317.9118603
1987	3	28	293.6751986
1987	3	29	227.3055362
1987	3	30	186.1914205
1987	3	31	158.7844005
1987	4	1	140.6812427
1987	4	2	127.0701382
1987	4	3	114.2241888
1987	4	4	103.6045495
1987	4	5	93.55754829
1987	4	6	88.07102373
1987	4	7	84.07670705
1987	4	8	78.91070662
1987	4	9	77.64760049
1987	4	10	80.18515013
1987	4	11	76.39581134
1987	4	12	71.50141314
1987	4	13	67.94842751
1987	4	14	63.3671099
1987	4	15	62.24949336
1987	4	16	57.88922067
1987	4	17	55.77488826
1987	4	18	54.73409406
1987	4	19	51.67692434
1987	4	20	44.92093331
1987	4	21	50.67952814
1987	4	22	77.64760049
1987	4	23	86.728134
1987	4	24	80.18515013
1987	4	25	94.95801784
1987	4	26	88.07102373
1987	4	27	84.07670705
1987	4	28	78.91070662
1987	4	29	82.76813023
1987	4	30	63.3671099
1987	5	1	64.49578985
1987	5	2	70.30589932
1987	5	3	89.42539053
1987	5	4	117.3644318
1987	5	5	137.2062507
1987	5	6	144.2046043
1987	5	7	132.0841602
1987	5	8	117.3644318
1987	5	9	102.1343529
1987	5	10	82.76813023
1987	5	11	77.64760049
1987	5	12	90.79125394
1987	5	13	92.1686334
1987	5	14	97.79369748
1987	5	15	93.55754829
1987	5	16	80.18515013
1987	5	17	67.94842751
1987	5	18	58.96280421
1987	5	19	58.96280421
1987	5	20	54.73409406
1987	5	21	49.69292314
1987	5	22	47.751992
1987	5	23	55.77488826
1987	5	24	55.77488826
1987	5	25	63.3671099
1987	5	26	72.70814036
1987	5	27	75.15531869
1987	5	28	90.79125394
1987	5	29	140.6812427
1987	5	30	135.4868511
1987	5	31	100.6758245
1987	6	1	73.92610194
1987	6	2	128.7294999
1987	6	3	255.638725
1987	6	4	428.9201918
1987	6	5	521.7212691
1987	6	6	312.4335635
1987	6	7	190.3053386
1987	6	8	871.7636158
1987	6	9	2104.134154
1987	6	10	1942.505236
1987	6	11	955.8775621
1987	6	12	500.2247446
1987	6	13	323.4431298
1987	6	14	238.886383
1987	6	15	184.1531835
1987	6	16	144.2046043
1987	6	17	118.9523201
1987	6	18	96.37006121
1987	6	19	77.64760049
1987	6	20	96.37006121
1987	6	21	120.5520767
1987	6	22	127.0701382
1987	6	23	130.4008348
1987	6	24	127.0701382
1987	6	25	114.2241888
1987	6	26	105.086433
1987	6	27	94.95801784
1987	6	28	81.47095128
1987	6	29	71.50141314
1987	6	30	65.63555501
1987	7	1	69.12157784
1987	7	2	64.49578985
1987	7	3	70.30589932
1987	7	4	66.78642705
1987	7	5	70.30589932
1987	7	6	69.12157784
1987	7	7	72.70814036
1987	7	8	64.49578985
1987	7	9	66.78642705
1987	7	10	75.15531869
1987	7	11	73.92610194
1987	7	12	86.728134
1987	7	13	198.683376
1987	7	14	378.6514726
1987	7	15	403.3506565
1987	7	16	4758.005963
1987	7	17	6172.089437
1987	7	18	4277.003073
1987	7	19	1780.843287
1987	7	20	787.3689361
1987	7	21	479.2296888
1987	7	22	348.9921014
1987	7	23	1082.003171
1987	7	24	4586.413043
1987	7	25	3640.406074
1987	7	26	2406.490523
1987	7	27	1695.942781
1987	7	28	1731.037946
1987	7	29	1404.207403
1987	7	30	886.2947679
1987	7	31	608.8122352
1987	8	1	479.2296888
1987	8	2	375.6249682
1987	8	3	320.6708671
1987	8	4	283.2452046
1987	8	5	1661.24665
1987	8	6	2322.546014
1987	8	7	1912.530983
1987	8	8	1559.543234
1987	8	9	1461.397655
1987	8	10	1263.792429
1987	8	11	1148.337648
1987	8	12	886.2947679
1987	8	13	707.7215086
1987	8	14	653.1191488
1987	8	15	468.9194655
1987	8	16	673.8318533
1987	8	17	1329.921977
1987	8	18	1114.896235
1987	8	19	814.9703081
1987	8	20	632.7651993
1987	8	21	960.9597679
1987	8	22	2199.726706
1987	8	23	1957.589563
1987	8	24	1109.376027
1987	8	25	738.1349436
1987	8	26	589.2430771
1987	8	27	514.4998959
1987	8	28	468.9194655
1987	8	29	986.5956984
1987	8	30	1709.932912
1987	8	31	4394.586127
1987	9	1	6849.852016
1987	9	2	5034.748629
1987	9	3	2588.18385
1987	9	4	1323.832687
1987	9	5	881.4362156
1987	9	6	725.013524
1987	9	7	661.3611097
1987	9	8	636.8073493
1987	9	9	536.3320451
1987	9	10	468.9194655
1987	9	11	428.9201918
1987	9	12	397.0945016
1987	9	13	366.6263577
1987	9	14	317.9118603
1987	9	15	304.3152176
1987	9	16	220.5102249
1987	9	17	205.098804
1987	9	18	222.7625956
1987	9	19	238.886383
1987	9	20	211.6277356
1987	9	21	158.7844005
1987	9	22	151.3969689
1987	9	23	142.4368689
1987	9	24	133.7794933
1987	9	25	132.0841602
1987	9	26	140.6812427
1987	9	27	137.2062507
1987	9	28	140.6812427
1987	9	29	156.919198
1987	9	30	153.2254984
1987	10	1	151.3969689
1987	10	2	156.919198
1987	10	3	170.233567
1987	10	4	160.6618598
1987	10	5	164.4536126
1987	10	6	164.4536126
1987	10	7	162.5515918
1987	10	8	155.066236
1987	10	9	128.7294999
1987	10	10	114.2241888
1987	10	11	114.2241888
1987	10	12	114.2241888
1987	10	13	118.9523201
1987	10	14	118.9523201
1987	10	15	123.7872653
1987	10	16	120.5520767
1987	10	17	122.1637192
1987	10	18	122.1637192
1987	10	19	122.1637192
1987	10	20	106.5800219
1987	10	21	90.79125394
1987	10	22	86.728134
1987	10	23	82.76813023
1987	10	24	80.18515013
1987	10	25	78.91070662
1987	10	26	77.64760049
1987	10	27	76.39581134
1987	10	28	82.76813023
1987	10	29	109.6023893
1987	10	30	122.1637192
1987	10	31	164.4536126
1987	11	1	196.5700538
1987	11	2	209.4387889
1987	11	3	207.2624833
1987	11	4	168.2945843
1987	11	5	145.9844654
1987	11	6	128.7294999
1987	11	7	117.3644318
1987	11	8	112.6717983
1987	11	9	103.6045495
1987	11	10	100.6758245
1987	11	11	97.79369748
1987	11	12	103.6045495
1987	11	13	115.788394
1987	11	14	114.2241888
1987	11	15	114.2241888
1987	11	16	117.3644318
1987	11	17	117.3644318
1987	11	18	115.788394
1987	11	19	100.6758245
1987	11	20	85.39670169
1987	11	21	80.18515013
1987	11	22	76.39581134
1987	11	23	77.64760049
1987	11	24	73.92610194
1987	11	25	73.92610194
1987	11	26	69.12157784
1987	11	27	80.18515013
1987	11	28	105.086433
1987	11	29	130.4008348
1987	11	30	151.3969689
1987	12	1	149.5806312
1987	12	2	130.4008348
1987	12	3	114.2241888
1987	12	4	105.086433
1987	12	5	108.0853345
1987	12	6	100.6758245
1987	12	7	96.37006121
1987	12	8	92.1686334
1987	12	9	88.07102373
1987	12	10	84.07670705
1987	12	11	82.76813023
1987	12	12	82.76813023
1987	12	13	84.07670705
1987	12	14	80.18515013
1987	12	15	77.64760049
1987	12	16	76.39581134
1987	12	17	76.39581134
1987	12	18	75.15531869
1987	12	19	70.30589932
1987	12	20	65.63555501
1987	12	21	70.30589932
1987	12	22	72.70814036
1987	12	23	78.91070662
1987	12	24	85.39670169
1987	12	25	84.07670705
1987	12	26	84.07670705
1987	12	27	78.91070662
1987	12	28	75.15531869
1987	12	29	76.39581134
1987	12	30	69.12157784
1987	12	31	67.94842751
1988	1	1	147.6619101
1988	1	2	163.6634044
1988	1	3	166.6842655
1988	1	4	171.280688
1988	1	5	172.8302772
1988	1	6	157.7251686
1988	1	7	147.6619101
1988	1	8	156.2620518
1988	1	9	150.4947479
1988	1	10	144.8627318
1988	1	11	138.0109758
1988	1	12	130.061613
1988	1	13	132.6785872
1988	1	14	142.09705
1988	1	15	150.4947479
1988	1	16	151.9238399
1988	1	17	144.8627318
1988	1	18	139.3647013
1988	1	19	135.3283199
1988	1	20	133.9993484
1988	1	21	133.9993484
1988	1	22	139.3647013
1988	1	23	146.2581237
1988	1	24	142.09705
1988	1	25	130.061613
1988	1	26	122.4055891
1988	1	27	124.9252796
1988	1	28	127.4772323
1988	1	29	135.3283199
1988	1	30	142.09705
1988	1	31	156.2620518
1988	2	1	157.7251686
1988	2	2	156.2620518
1988	2	3	154.8074717
1988	2	4	135.3283199
1988	2	5	130.061613
1988	2	6	123.661412
1988	2	7	121.1577903
1988	2	8	121.1577903
1988	2	9	122.4055891
1988	2	10	123.661412
1988	2	11	122.4055891
1988	2	12	124.9252796
1988	2	13	127.4772323
1988	2	14	128.7653588
1988	2	15	128.7653588
1988	2	16	133.9993484
1988	2	17	139.3647013
1988	2	18	140.7267192
1988	2	19	140.7267192
1988	2	20	139.3647013
1988	2	21	150.4947479
1988	2	22	144.8627318
1988	2	23	140.7267192
1988	2	24	138.0109758
1988	2	25	139.3647013
1988	2	26	139.3647013
1988	2	27	138.0109758
1988	2	28	139.3647013
1988	2	29	142.09705
1988	3	1	140.7267192
1988	3	2	135.3283199
1988	3	3	130.061613
1988	3	4	126.1972128
1988	3	5	123.661412
1988	3	6	123.661412
1988	3	7	123.661412
1988	3	8	126.1972128
1988	3	9	128.7653588
1988	3	10	130.061613
1988	3	11	130.061613
1988	3	12	135.3283199
1988	3	13	138.0109758
1988	3	14	143.475714
1988	3	15	146.2581237
1988	3	16	151.9238399
1988	3	17	153.3614078
1988	3	18	156.2620518
1988	3	19	154.8074717
1988	3	20	147.6619101
1988	3	21	142.09705
1988	3	22	144.8627318
1988	3	23	151.9238399
1988	3	24	150.4947479
1988	3	25	151.9238399
1988	3	26	149.0741114
1988	3	27	147.6619101
1988	3	28	146.2581237
1988	3	29	146.2581237
1988	3	30	140.7267192
1988	3	31	133.9993484
1988	4	1	132.6785872
1988	4	2	132.6785872
1988	4	3	128.7653588
1988	4	4	126.1972128
1988	4	5	124.9252796
1988	4	6	123.661412
1988	4	7	121.1577903
1988	4	8	118.6861812
1988	4	9	117.4623293
1988	4	10	116.2464179
1988	4	11	113.8383331
1988	4	12	116.2464179
1988	4	13	133.9993484
1988	4	14	143.475714
1988	4	15	135.3283199
1988	4	16	131.3660156
1988	4	17	127.4772323
1988	4	18	128.7653588
1988	4	19	139.3647013
1988	4	20	149.0741114
1988	4	21	157.7251686
1988	4	22	188.8111156
1988	4	23	212.693291
1988	4	24	195.4531111
1988	4	25	175.9557479
1988	4	26	162.1659398
1988	4	27	153.3614078
1988	4	28	143.475714
1988	4	29	136.6655222
1988	4	30	131.3660156
1988	5	1	126.1972128
1988	5	2	119.9179946
1988	5	3	115.0384262
1988	5	4	116.2464179
1988	5	5	115.0384262
1988	5	6	110.2852362
1988	5	7	122.4055891
1988	5	8	175.9557479
1988	5	9	202.2396652
1988	5	10	185.5439332
1988	5	11	177.5316694
1988	5	12	166.6842655
1988	5	13	151.9238399
1988	5	14	146.2581237
1988	5	15	149.0741114
1988	5	16	144.8627318
1988	5	17	143.475714
1988	5	18	142.09705
1988	5	19	130.061613
1988	5	20	119.9179946
1988	5	21	110.2852362
1988	5	22	103.3894665
1988	5	23	101.1526044
1988	5	24	98.94632308
1988	5	25	98.94632308
1988	5	26	106.8024706
1988	5	27	110.2852362
1988	5	28	104.5194186
1988	5	29	101.1526044
1988	5	30	96.770452
1988	5	31	95.69386689
1988	6	1	94.6248202
1988	6	2	106.8024706
1988	6	3	132.6785872
1988	6	4	162.1659398
1988	6	5	187.1730563
1988	6	6	218.0444546
1988	6	7	263.907187
1988	6	8	240.2903472
1988	6	9	198.8282397
1988	6	10	172.8302772
1988	6	11	159.196842
1988	6	12	154.8074717
1988	6	13	144.8627318
1988	6	14	131.3660156
1988	6	15	118.6861812
1988	6	16	107.955613
1988	6	17	95.69386689
1988	6	18	91.462696
1988	6	19	88.36764379
1988	6	20	92.50925624
1988	6	21	91.462696
1988	6	22	88.36764379
1988	6	23	85.33908065
1988	6	24	84.34423384
1988	6	25	90.42358822
1988	6	26	90.42358822
1988	6	27	88.36764379
1988	6	28	89.39191135
1988	6	29	90.42358822
1988	6	30	104.5194186
1988	7	1	117.4623293
1988	7	2	118.6861812
1988	7	3	118.6861812
1988	7	4	111.4617591
1988	7	5	106.8024706
1988	7	6	105.6570795
1988	7	7	97.85459694
1988	7	8	97.85459694
1988	7	9	94.6248202
1988	7	10	88.36764379
1988	7	11	85.33908065
1988	7	12	85.33908065
1988	7	13	165.1695062
1988	7	14	748.5504194
1988	7	15	2929.770372
1988	7	16	3882.975122
1988	7	17	2902.371409
1988	7	18	2108.581725
1988	7	19	1472.882549
1988	7	20	964.0534525
1988	7	21	1127.153928
1988	7	22	2767.78637
1988	7	23	1729.780319
1988	7	24	1312.069041
1988	7	25	1024.532435
1988	7	26	858.3856661
1988	7	27	1317.612676
1988	7	28	1312.069041
1988	7	29	1152.497838
1988	7	30	768.1820016
1988	7	31	717.7994063
1988	8	1	422.477358
1988	8	2	336.1904273
1988	8	3	306.4045528
1988	8	4	257.8726407
1988	8	5	207.4252034
1988	8	6	187.1730563
1988	8	7	177.5316694
1988	8	8	163.6634044
1988	8	9	171.280688
1988	8	10	163.6634044
1988	8	11	165.1695062
1988	8	12	174.3886238
1988	8	13	185.5439332
1988	8	14	193.7791091
1988	8	15	195.4531111
1988	8	16	197.1361481
1988	8	17	333.8375222
1988	8	18	406.3477265
1988	8	19	441.7953585
1988	8	20	579.2439511
1988	8	21	546.6731329
1988	8	22	447.4145133
1988	8	23	382.8862765
1988	8	24	338.5536992
1988	8	25	291.077417
1988	8	26	249.9621878
1988	8	27	227.1490993
1988	8	28	219.8467279
1988	8	29	218.0444546
1988	8	30	219.8467279
1988	8	31	218.0444546
1988	9	1	193.7791091
1988	9	2	179.1164081
1988	9	3	179.1164081
1988	9	4	182.3124169
1988	9	5	190.458131
1988	9	6	193.7791091
1988	9	7	188.8111156
1988	9	8	177.5316694
1988	9	9	169.7398364
1988	9	10	159.196842
1988	9	11	190.458131
1988	9	12	246.0647361
1988	9	13	259.8744381
1988	9	14	272.089833
1988	9	15	270.0294806
1988	9	16	244.1303872
1988	9	17	219.8467279
1988	9	18	190.458131
1988	9	19	182.3124169
1988	9	20	168.2077022
1988	9	21	150.4947479
1988	9	22	146.2581237
1988	9	23	149.0741114
1988	9	24	153.3614078
1988	9	25	156.2620518
1988	9	26	160.6770924
1988	9	27	162.1659398
1988	9	28	149.0741114
1988	9	29	149.0741114
1988	9	30	154.8074717
1988	10	1	163.6634044
1988	10	2	175.9557479
1988	10	3	165.1695062
1988	10	4	159.196842
1988	10	5	154.8074717
1988	10	6	154.8074717
1988	10	7	154.8074717
1988	10	8	154.8074717
1988	10	9	154.8074717
1988	10	10	147.6619101
1988	10	11	140.7267192
1988	10	12	144.8627318
1988	10	13	146.2581237
1988	10	14	139.3647013
1988	10	15	139.3647013
1988	10	16	135.3283199
1988	10	17	128.7653588
1988	10	18	124.9252796
1988	10	19	122.4055891
1988	10	20	121.1577903
1988	10	21	121.1577903
1988	10	22	121.1577903
1988	10	23	122.4055891
1988	10	24	124.9252796
1988	10	25	123.661412
1988	10	26	121.1577903
1988	10	27	115.0384262
1988	10	28	116.2464179
1988	10	29	117.4623293
1988	10	30	113.8383331
1988	10	31	111.4617591
1988	11	1	110.2852362
1988	11	2	109.1165278
1988	11	3	109.1165278
1988	11	4	107.955613
1988	11	5	109.1165278
1988	11	6	113.8383331
1988	11	7	111.4617591
1988	11	8	111.4617591
1988	11	9	112.6461178
1988	11	10	111.4617591
1988	11	11	110.2852362
1988	11	12	109.1165278
1988	11	13	107.955613
1988	11	14	109.1165278
1988	11	15	109.1165278
1988	11	16	109.1165278
1988	11	17	107.955613
1988	11	18	107.955613
1988	11	19	107.955613
1988	11	20	109.1165278
1988	11	21	110.2852362
1988	11	22	111.4617591
1988	11	23	111.4617591
1988	11	24	110.2852362
1988	11	25	110.2852362
1988	11	26	111.4617591
1988	11	27	111.4617591
1988	11	28	110.2852362
1988	11	29	110.2852362
1988	11	30	110.2852362
1988	12	1	111.4617591
1988	12	2	109.1165278
1988	12	3	110.2852362
1988	12	4	112.6461178
1988	12	5	110.2852362
1988	12	6	110.2852362
1988	12	7	111.4617591
1988	12	8	110.2852362
1988	12	9	109.1165278
1988	12	10	107.955613
1988	12	11	109.1165278
1988	12	12	110.2852362
1988	12	13	110.2852362
1988	12	14	107.955613
1988	12	15	106.8024706
1988	12	16	104.5194186
1988	12	17	103.3894665
1988	12	18	104.5194186
1988	12	19	105.6570795
1988	12	20	106.8024706
1988	12	21	106.8024706
1988	12	22	109.1165278
1988	12	23	107.955613
1988	12	24	106.8024706
1988	12	25	105.6570795
1988	12	26	106.8024706
1988	12	27	111.4617591
1988	12	28	113.8383331
1988	12	29	110.2852362
1988	12	30	110.2852362
1988	12	31	110.2852362
1989	1	1	109.1165278
1989	1	2	107.955613
1989	1	3	106.8024706
1989	1	4	105.6570795
1989	1	5	105.6570795
1989	1	6	111.4617591
1989	1	7	110.2852362
1989	1	8	121.1577903
1989	1	9	136.6655222
1989	1	10	146.2581237
1989	1	11	150.4947479
1989	1	12	151.9238399
1989	1	13	150.4947479
1989	1	14	149.0741114
1989	1	15	149.0741114
1989	1	16	147.6619101
1989	1	17	147.6619101
1989	1	18	162.1659398
1989	1	19	179.1164081
1989	1	20	175.9557479
1989	1	21	165.1695062
1989	1	22	150.4947479
1989	1	23	142.09705
1989	1	24	139.3647013
1989	1	25	136.6655222
1989	1	26	131.3660156
1989	1	27	131.3660156
1989	1	28	128.7653588
1989	1	29	127.4772323
1989	1	30	122.4055891
1989	1	31	116.2464179
1989	2	1	113.8383331
1989	2	2	111.4617591
1989	2	3	109.1165278
1989	2	4	109.1165278
1989	2	5	107.955613
1989	2	6	111.4617591
1989	2	7	111.4617591
1989	2	8	110.2852362
1989	2	9	107.955613
1989	2	10	106.8024706
1989	2	11	104.5194186
1989	2	12	103.3894665
1989	2	13	102.2672022
1989	2	14	100.0456518
1989	2	15	100.0456518
1989	2	16	102.2672022
1989	2	17	104.5194186
1989	2	18	104.5194186
1989	2	19	102.2672022
1989	2	20	101.1526044
1989	2	21	100.0456518
1989	2	22	101.1526044
1989	2	23	101.1526044
1989	2	24	98.94632308
1989	2	25	106.8024706
1989	2	26	210.9280571
1989	2	27	212.693291
1989	2	28	207.4252034
1989	3	1	197.1361481
1989	3	2	192.1141223
1989	3	3	291.077417
1989	3	4	644.4212711
1989	3	5	1334.33159
1989	3	6	1803.152162
1989	3	7	1183.378262
1989	3	8	673.1780374
1989	3	9	488.004924
1989	3	10	403.6976302
1989	3	11	352.9520676
1989	3	12	308.6344978
1989	3	13	270.0294806
1989	3	14	249.9621878
1989	3	15	236.4883899
1989	3	16	225.309476
1989	3	17	212.693291
1989	3	18	198.8282397
1989	3	19	195.4531111
1989	3	20	188.8111156
1989	3	21	182.3124169
1989	3	22	175.9557479
1989	3	23	172.8302772
1989	3	24	175.9557479
1989	3	25	202.2396652
1989	3	26	207.4252034
1989	3	27	221.6583097
1989	3	28	232.7243617
1989	3	29	238.3846178
1989	3	30	248.0086633
1989	3	31	246.0647361
1989	4	1	242.2055973
1989	4	2	227.1490993
1989	4	3	214.4677556
1989	4	4	202.2396652
1989	4	5	192.1141223
1989	4	6	187.1730563
1989	4	7	177.5316694
1989	4	8	174.3886238
1989	4	9	174.3886238
1989	4	10	159.196842
1989	4	11	157.7251686
1989	4	12	154.8074717
1989	4	13	153.3614078
1989	4	14	146.2581237
1989	4	15	154.8074717
1989	4	16	154.8074717
1989	4	17	174.3886238
1989	4	18	185.5439332
1989	4	19	187.1730563
1989	4	20	177.5316694
1989	4	21	175.9557479
1989	4	22	180.709984
1989	4	23	169.7398364
1989	4	24	160.6770924
1989	4	25	160.6770924
1989	4	26	151.9238399
1989	4	27	147.6619101
1989	4	28	139.3647013
1989	4	29	135.3283199
1989	4	30	135.3283199
1989	5	1	131.3660156
1989	5	2	131.3660156
1989	5	3	122.4055891
1989	5	4	117.4623293
1989	5	5	121.1577903
1989	5	6	117.4623293
1989	5	7	119.9179946
1989	5	8	112.6461178
1989	5	9	117.4623293
1989	5	10	116.2464179
1989	5	11	121.1577903
1989	5	12	138.0109758
1989	5	13	154.8074717
1989	5	14	168.2077022
1989	5	15	159.196842
1989	5	16	165.1695062
1989	5	17	163.6634044
1989	5	18	154.8074717
1989	5	19	147.6619101
1989	5	20	159.196842
1989	5	21	159.196842
1989	5	22	151.9238399
1989	5	23	139.3647013
1989	5	24	123.661412
1989	5	25	110.2852362
1989	5	26	118.6861812
1989	5	27	119.9179946
1989	5	28	118.6861812
1989	5	29	126.1972128
1989	5	30	128.7653588
1989	5	31	127.4772323
1989	6	1	122.4055891
1989	6	2	118.6861812
1989	6	3	113.8383331
1989	6	4	112.6461178
1989	6	5	119.9179946
1989	6	6	122.4055891
1989	6	7	138.0109758
1989	6	8	182.3124169
1989	6	9	304.1847336
1989	6	10	333.8375222
1989	6	11	453.0782526
1989	6	12	326.8408242
1989	6	13	267.9789347
1989	6	14	244.1303872
1989	6	15	340.9273566
1989	6	16	228.9981085
1989	6	17	430.6902316
1989	6	18	357.8352929
1989	6	19	375.2593067
1989	6	20	284.6589441
1989	6	21	234.6016443
1989	6	22	203.9590384
1989	6	23	179.1164081
1989	6	24	168.2077022
1989	6	25	175.9557479
1989	6	26	192.1141223
1989	6	27	198.8282397
1989	6	28	203.9590384
1989	6	29	198.8282397
1989	6	30	192.1141223
1989	7	1	177.5316694
1989	7	2	171.280688
1989	7	3	163.6634044
1989	7	4	151.9238399
1989	7	5	144.8627318
1989	7	6	132.6785872
1989	7	7	128.7653588
1989	7	8	131.3660156
1989	7	9	160.6770924
1989	7	10	244.1303872
1989	7	11	267.9789347
1989	7	12	355.3884233
1989	7	13	589.2464668
1989	7	14	595.9745427
1989	7	15	485.0321207
1989	7	16	710.237644
1989	7	17	1306.540048
1989	7	18	1087.335455
1989	7	19	698.9889468
1989	7	20	473.2544974
1989	7	21	350.5262075
1989	7	22	297.5858449
1989	7	23	310.8745875
1989	7	24	301.9750217
1989	7	25	357.8352929
1989	7	26	1796.40294
1989	7	27	3232.154758
1989	7	28	4720.657286
1989	7	29	5204.785053
1989	7	30	4882.951025
1989	7	31	3400.431741
1989	8	1	1830.307914
1989	8	2	927.9753523
1989	8	3	599.3565519
1989	8	4	458.7867188
1989	8	5	382.8862765
1989	8	6	331.4949657
1989	8	7	322.2278549
1989	8	8	284.6589441
1989	8	9	244.1303872
1989	8	10	219.8467279
1989	8	11	200.5294055
1989	8	12	183.9237267
1989	8	13	172.8302772
1989	8	14	175.9557479
1989	8	15	188.8111156
1989	8	16	193.7791091
1989	8	17	195.4531111
1989	8	18	195.4531111
1989	8	19	182.3124169
1989	8	20	165.1695062
1989	8	21	214.4677556
1989	8	22	796.2035891
1989	8	23	1850.841956
1989	8	24	1514.919636
1989	8	25	996.332421
1989	8	26	684.1653409
1989	8	27	509.134573
1989	8	28	409.0087001
1989	8	29	322.2278549
1989	8	30	1339.933949
1989	8	31	837.3323487
1989	9	1	780.1142188
1989	9	2	710.237644
1989	9	3	479.1206264
1989	9	4	375.2593067
1989	9	5	324.5292023
1989	9	6	304.1847336
1989	9	7	278.3299189
1989	9	8	267.9789347
1989	9	9	393.2056574
1989	9	10	919.0902629
1989	9	11	1472.882549
1989	9	12	1588.71729
1989	9	13	1137.249114
1989	9	14	1328.743935
1989	9	15	1782.95205
1989	9	16	2387.72234
1989	9	17	2379.673348
1989	9	18	1823.495116
1989	9	19	1257.435413
1989	9	20	923.5261103
1989	9	21	721.5991272
1989	9	22	595.9745427
1989	9	23	669.5403508
1989	9	24	453.0782526
1989	9	25	441.7953585
1989	9	26	411.6805691
1989	9	27	362.7606472
1989	9	28	355.3884233
1989	9	29	348.1108248
1989	9	30	340.9273566
1989	10	1	301.9750217
1989	10	2	255.8805361
1989	10	3	274.160011
1989	10	4	272.089833
1989	10	5	259.8744381
1989	10	6	261.8859472
1989	10	7	259.8744381
1989	10	8	246.0647361
1989	10	9	221.6583097
1989	10	10	227.1490993
1989	10	11	223.4792192
1989	10	12	236.4883899
1989	10	13	236.4883899
1989	10	14	228.9981085
1989	10	15	223.4792192
1989	10	16	214.4677556
1989	10	17	315.3852748
1989	10	18	225.309476
1989	10	19	218.0444546
1989	10	20	214.4677556
1989	10	21	212.693291
1989	10	22	216.2514703
1989	10	23	198.8282397
1989	10	24	205.6875446
1989	10	25	207.4252034
1989	10	26	209.1720344
1989	10	27	203.9590384
1989	10	28	202.2396652
1989	10	29	193.7791091
1989	10	30	185.5439332
1989	10	31	195.4531111
1989	11	1	187.1730563
1989	11	2	249.9621878
1989	11	3	192.1141223
1989	11	4	197.1361481
1989	11	5	202.2396652
1989	11	6	200.5294055
1989	11	7	263.907187
1989	11	8	518.3625464
1989	11	9	527.6946496
1989	11	10	439.0024557
1989	11	11	388.0244653
1989	11	12	355.3884233
1989	11	13	319.9367636
1989	11	14	313.1248403
1989	11	15	284.6589441
1989	11	16	288.9279561
1989	11	17	280.4296867
1989	11	18	270.0294806
1989	11	19	259.8744381
1989	11	20	234.6016443
1989	11	21	238.3846178
1989	11	22	230.8565228
1989	11	23	227.1490993
1989	11	24	225.309476
1989	11	25	225.309476
1989	11	26	223.4792192
1989	11	27	221.6583097
1989	11	28	216.2514703
1989	11	29	212.693291
1989	11	30	212.693291
1989	12	1	219.8467279
1989	12	2	214.4677556
1989	12	3	210.9280571
1989	12	4	203.9590384
1989	12	5	198.8282397
1989	12	6	197.1361481
1989	12	7	193.7791091
1989	12	8	190.458131
1989	12	9	185.5439332
1989	12	10	182.3124169
1989	12	11	177.5316694
1989	12	12	172.8302772
1989	12	13	168.2077022
1989	12	14	163.6634044
1989	12	15	154.8074717
1989	12	16	149.0741114
1989	12	17	144.8627318
1989	12	18	163.6634044
1989	12	19	154.8074717
1989	12	20	144.8627318
1989	12	21	139.3647013
1989	12	22	138.0109758
1989	12	23	140.7267192
1989	12	24	133.9993484
1989	12	25	130.061613
1989	12	26	124.9252796
1989	12	27	121.1577903
1989	12	28	119.9179946
1989	12	29	65.10520521
1989	12	30	65.10520521
1989	12	31	65.10520521
1990	1	1	121.1577903
1990	1	2	116.2464179
1990	1	3	116.2464179
1990	1	4	117.4623293
1990	1	5	113.8383331
1990	1	6	111.4617591
1990	1	7	111.4617591
1990	1	8	113.8383331
1990	1	9	118.6861812
1990	1	10	123.661412
1990	1	11	126.1972128
1990	1	12	123.661412
1990	1	13	119.9179946
1990	1	14	117.4623293
1990	1	15	115.0384262
1990	1	16	113.8383331
1990	1	17	112.6461178
1990	1	18	105.6570795
1990	1	19	111.4617591
1990	1	20	113.8383331
1990	1	21	118.6861812
1990	1	22	123.661412
1990	1	23	126.1972128
1990	1	24	123.661412
1990	1	25	121.1577903
1990	1	26	123.661412
1990	1	27	124.9252796
1990	1	28	123.661412
1990	1	29	136.6655222
1990	1	30	144.8627318
1990	1	31	154.8074717
1990	2	1	156.2620518
1990	2	2	147.6619101
1990	2	3	143.475714
1990	2	4	142.09705
1990	2	5	138.0109758
1990	2	6	133.9993484
1990	2	7	135.3283199
1990	2	8	135.3283199
1990	2	9	140.7267192
1990	2	10	162.1659398
1990	2	11	209.1720344
1990	2	12	230.8565228
1990	2	13	329.1627392
1990	2	14	288.9279561
1990	2	15	251.9253286
1990	2	16	221.6583097
1990	2	17	200.5294055
1990	2	18	187.1730563
1990	2	19	200.5294055
1990	2	20	225.309476
1990	2	21	355.3884233
1990	2	22	490.9891216
1990	2	23	589.2464668
1990	2	24	651.5367628
1990	2	25	744.6622695
1990	2	26	698.9889468
1990	2	27	530.8285722
1990	2	28	411.6805691
1990	3	1	338.5536992
1990	3	2	284.6589441
1990	3	3	257.8726407
1990	3	4	267.9789347
1990	3	5	280.4296867
1990	3	6	274.160011
1990	3	7	263.907187
1990	3	8	259.8744381
1990	3	9	244.1303872
1990	3	10	221.6583097
1990	3	11	212.693291
1990	3	12	207.4252034
1990	3	13	203.9590384
1990	3	14	209.1720344
1990	3	15	214.4677556
1990	3	16	216.2514703
1990	3	17	209.1720344
1990	3	18	205.6875446
1990	3	19	210.9280571
1990	3	20	209.1720344
1990	3	21	202.2396652
1990	3	22	198.8282397
1990	3	23	197.1361481
1990	3	24	195.4531111
1990	3	25	190.458131
1990	3	26	192.1141223
1990	3	27	192.1141223
1990	3	28	193.7791091
1990	3	29	251.9253286
1990	3	30	284.6589441
1990	3	31	317.6559098
1990	4	1	380.3332629
1990	4	2	370.2279904
1990	4	3	331.4949657
1990	4	4	304.1847336
1990	4	5	276.2400333
1990	4	6	261.8859472
1990	4	7	244.1303872
1990	4	8	228.9981085
1990	4	9	218.0444546
1990	4	10	218.0444546
1990	4	11	205.6875446
1990	4	12	304.1847336
1990	4	13	633.83969
1990	4	14	482.0706941
1990	4	15	503.0402069
1990	4	16	518.3625464
1990	4	17	427.941592
1990	4	18	360.2926948
1990	4	19	322.2278549
1990	4	20	288.9279561
1990	4	21	280.4296867
1990	4	22	284.6589441
1990	4	23	417.0570649
1990	4	24	527.6946496
1990	4	25	503.0402069
1990	4	26	464.5400541
1990	4	27	367.7282767
1990	4	28	313.1248403
1990	4	29	280.4296867
1990	4	30	270.0294806
1990	5	1	261.8859472
1990	5	2	261.8859472
1990	5	3	322.2278549
1990	5	4	430.6902316
1990	5	5	490.9891216
1990	5	6	490.9891216
1990	5	7	458.7867188
1990	5	8	450.240801
1990	5	9	409.0087001
1990	5	10	372.7383277
1990	5	11	324.5292023
1990	5	12	242.2055973
1990	5	13	255.8805361
1990	5	14	238.3846178
1990	5	15	228.9981085
1990	5	16	203.9590384
1990	5	17	197.1361481
1990	5	18	228.9981085
1990	5	19	282.5393555
1990	5	20	291.077417
1990	5	21	282.5393555
1990	5	22	272.089833
1990	5	23	242.2055973
1990	5	24	230.8565228
1990	5	25	236.4883899
1990	5	26	227.1490993
1990	5	27	202.2396652
1990	5	28	195.4531111
1990	5	29	202.2396652
1990	5	30	188.8111156
1990	5	31	190.458131
1990	6	1	198.8282397
1990	6	2	216.2514703
1990	6	3	214.4677556
1990	6	4	197.1361481
1990	6	5	188.8111156
1990	6	6	179.1164081
1990	6	7	168.2077022
1990	6	8	175.9557479
1990	6	9	179.1164081
1990	6	10	193.7791091
1990	6	11	236.4883899
1990	6	12	274.160011
1990	6	13	242.2055973
1990	6	14	219.8467279
1990	6	15	218.0444546
1990	6	16	230.8565228
1990	6	17	280.4296867
1990	6	18	390.6096769
1990	6	19	403.6976302
1990	6	20	919.0902629
1990	6	21	1472.882549
1990	6	22	1756.24006
1990	6	23	1920.329525
1990	6	24	1317.612676
1990	6	25	1455.093127
1990	6	26	2527.174585
1990	6	27	2715.069714
1990	6	28	2093.707783
1990	6	29	1334.33159
1990	6	30	879.7676951
1990	7	1	691.5522492
1990	7	2	606.1565992
1990	7	3	623.3676867
1990	7	4	644.4212711
1990	7	5	647.9728951
1990	7	6	553.0929245
1990	7	7	530.8285722
1990	7	8	485.0321207
1990	7	9	411.6805691
1990	7	10	377.7909457
1990	7	11	331.4949657
1990	7	12	326.8408242
1990	7	13	441.7953585
1990	7	14	702.7260089
1990	7	15	512.1990233
1990	7	16	2315.893196
1990	7	17	3440.806699
1990	7	18	2929.770372
1990	7	19	3420.581882
1990	7	20	4082.826767
1990	7	21	2866.090094
1990	7	22	1594.966633
1990	7	23	927.9753523
1990	7	24	662.3019975
1990	7	25	527.6946496
1990	7	26	453.0782526
1990	7	27	417.0570649
1990	7	28	411.6805691
1990	7	29	390.6096769
1990	7	30	355.3884233
1990	7	31	329.1627392
1990	8	1	293.236873
1990	8	2	291.077417
1990	8	3	280.4296867
1990	8	4	253.8981051
1990	8	5	246.0647361
1990	8	6	225.309476
1990	8	7	234.6016443
1990	8	8	227.1490993
1990	8	9	214.4677556
1990	8	10	227.1490993
1990	8	11	242.2055973
1990	8	12	259.8744381
1990	8	13	246.0647361
1990	8	14	227.1490993
1990	8	15	496.99177
1990	8	16	549.8771565
1990	8	17	776.1240018
1990	8	18	919.0902629
1990	8	19	710.237644
1990	8	20	488.004924
1990	8	21	390.6096769
1990	8	22	317.6559098
1990	8	23	293.236873
1990	8	24	251.9253286
1990	8	25	248.0086633
1990	8	26	240.2903472
1990	8	27	372.7383277
1990	8	28	640.8818736
1990	8	29	637.3546856
1990	8	30	566.0737883
1990	8	31	422.477358
1990	9	1	382.8862765
1990	9	2	406.3477265
1990	9	3	385.4500046
1990	9	4	360.2926948
1990	9	5	372.7383277
1990	9	6	479.1206264
1990	9	7	595.9745427
1990	9	8	1776.250351
1990	9	9	2323.806373
1990	9	10	1414.109847
1990	9	11	845.7143622
1990	9	12	616.4469997
1990	9	13	512.1990233
1990	9	14	427.941592
1990	9	15	401.0583932
1990	9	16	388.0244653
1990	9	17	360.2926948
1990	9	18	345.7059009
1990	9	19	482.0706941
1990	9	20	736.924002
1990	9	21	748.5504194
1990	9	22	619.9012898
1990	9	23	467.4335921
1990	9	24	395.8124248
1990	9	25	355.3884233
1990	9	26	324.5292023
1990	9	27	299.7753983
1990	9	28	282.5393555
1990	9	29	265.9381765
1990	9	30	240.2903472
1990	10	1	223.4792192
1990	10	2	223.4792192
1990	10	3	210.9280571
1990	10	4	214.4677556
1990	10	5	207.4252034
1990	10	6	195.4531111
1990	10	7	193.7791091
1990	10	8	183.9237267
1990	10	9	179.1164081
1990	10	10	172.8302772
1990	10	11	163.6634044
1990	10	12	159.196842
1990	10	13	183.9237267
1990	10	14	218.0444546
1990	10	15	214.4677556
1990	10	16	212.693291
1990	10	17	216.2514703
1990	10	18	198.8282397
1990	10	19	205.6875446
1990	10	20	207.4252034
1990	10	21	209.1720344
1990	10	22	203.9590384
1990	10	23	202.2396652
1990	10	24	193.7791091
1990	10	25	185.5439332
1990	10	26	195.4531111
1990	10	27	149.0741114
1990	10	28	150.4947479
1990	10	29	153.3614078
1990	10	30	147.6619101
1990	10	31	142.09705
1990	11	1	146.2581237
1990	11	2	147.6619101
1990	11	3	149.0741114
1990	11	4	153.3614078
1990	11	5	163.6634044
1990	11	6	162.1659398
1990	11	7	160.6770924
1990	11	8	159.196842
1990	11	9	154.8074717
1990	11	10	151.9238399
1990	11	11	153.3614078
1990	11	12	150.4947479
1990	11	13	150.4947479
1990	11	14	151.9238399
1990	11	15	177.5316694
1990	11	16	179.1164081
1990	11	17	190.458131
1990	11	18	202.2396652
1990	11	19	192.1141223
1990	11	20	179.1164081
1990	11	21	172.8302772
1990	11	22	171.280688
1990	11	23	163.6634044
1990	11	24	157.7251686
1990	11	25	157.7251686
1990	11	26	153.3614078
1990	11	27	150.4947479
1990	11	28	149.0741114
1990	11	29	146.2581237
1990	11	30	143.475714
1990	12	1	139.3647013
1990	12	2	140.7267192
1990	12	3	142.09705
1990	12	4	139.3647013
1990	12	5	135.3283199
1990	12	6	133.9993484
1990	12	7	136.6655222
1990	12	8	135.3283199
1990	12	9	133.9993484
1990	12	10	132.6785872
1990	12	11	131.3660156
1990	12	12	130.061613
1990	12	13	128.7653588
1990	12	14	128.7653588
1990	12	15	128.7653588
1990	12	16	130.061613
1990	12	17	128.7653588
1990	12	18	128.7653588
1990	12	19	135.3283199
1990	12	20	136.6655222
1990	12	21	138.0109758
1990	12	22	140.7267192
1990	12	23	157.7251686
1990	12	24	165.1695062
1990	12	25	166.6842655
1990	12	26	157.7251686
1990	12	27	65.10520521
1990	12	28	65.10520521
1990	12	29	65.10520521
1990	12	30	65.10520521
1990	12	31	65.10520521
1991	1	1	147.6619101
1991	1	2	139.3647013
1991	1	3	138.0109758
1991	1	4	133.9993484
1991	1	5	130.061613
1991	1	6	133.9993484
1991	1	7	136.6655222
1991	1	8	138.0109758
1991	1	9	140.7267192
1991	1	10	138.0109758
1991	1	11	135.3283199
1991	1	12	132.6785872
1991	1	13	128.7653588
1991	1	14	128.7653588
1991	1	15	127.4772323
1991	1	16	124.9252796
1991	1	17	124.9252796
1991	1	18	130.061613
1991	1	19	132.6785872
1991	1	20	133.9993484
1991	1	21	131.3660156
1991	1	22	136.6655222
1991	1	23	142.09705
1991	1	24	149.0741114
1991	1	25	151.9238399
1991	1	26	151.9238399
1991	1	27	147.6619101
1991	1	28	143.475714
1991	1	29	140.7267192
1991	1	30	138.0109758
1991	1	31	135.3283199
1991	2	1	132.6785872
1991	2	2	128.7653588
1991	2	3	130.061613
1991	2	4	128.7653588
1991	2	5	128.7653588
1991	2	6	124.9252796
1991	2	7	126.1972128
1991	2	8	128.7653588
1991	2	9	131.3660156
1991	2	10	133.9993484
1991	2	11	138.0109758
1991	2	12	133.9993484
1991	2	13	138.0109758
1991	2	14	140.7267192
1991	2	15	149.0741114
1991	2	16	151.9238399
1991	2	17	153.3614078
1991	2	18	149.0741114
1991	2	19	144.8627318
1991	2	20	138.0109758
1991	2	21	132.6785872
1991	2	22	131.3660156
1991	2	23	130.061613
1991	2	24	124.9252796
1991	2	25	123.661412
1991	2	26	130.061613
1991	2	27	136.6655222
1991	2	28	139.3647013
1991	3	1	138.0109758
1991	3	2	132.6785872
1991	3	3	128.7653588
1991	3	4	128.7653588
1991	3	5	123.661412
1991	3	6	127.4772323
1991	3	7	132.6785872
1991	3	8	140.7267192
1991	3	9	150.4947479
1991	3	10	160.6770924
1991	3	11	197.1361481
1991	3	12	306.4045528
1991	3	13	395.8124248
1991	3	14	414.3633513
1991	3	15	390.6096769
1991	3	16	367.7282767
1991	3	17	326.8408242
1991	3	18	301.9750217
1991	3	19	301.9750217
1991	3	20	295.4063427
1991	3	21	288.9279561
1991	3	22	291.077417
1991	3	23	297.5858449
1991	3	24	315.3852748
1991	3	25	324.5292023
1991	3	26	308.6344978
1991	3	27	286.7884714
1991	3	28	267.9789347
1991	3	29	278.3299189
1991	3	30	295.4063427
1991	3	31	304.1847336
1991	4	1	280.4296867
1991	4	2	251.9253286
1991	4	3	234.6016443
1991	4	4	216.2514703
1991	4	5	203.9590384
1991	4	6	195.4531111
1991	4	7	185.5439332
1991	4	8	180.709984
1991	4	9	183.9237267
1991	4	10	175.9557479
1991	4	11	175.9557479
1991	4	12	166.6842655
1991	4	13	166.6842655
1991	4	14	168.2077022
1991	4	15	163.6634044
1991	4	16	163.6634044
1991	4	17	156.2620518
1991	4	18	756.3648356
1991	4	19	905.8629251
1991	4	20	1183.378262
1991	4	21	959.4964663
1991	4	22	585.9003657
1991	4	23	433.4499101
1991	4	24	350.5262075
1991	4	25	324.5292023
1991	4	26	336.1904273
1991	4	27	291.077417
1991	4	28	232.7243617
1991	4	29	214.4677556
1991	4	30	203.9590384
1991	5	1	193.7791091
1991	5	2	188.8111156
1991	5	3	182.3124169
1991	5	4	175.9557479
1991	5	5	169.7398364
1991	5	6	166.6842655
1991	5	7	172.8302772
1991	5	8	166.6842655
1991	5	9	166.6842655
1991	5	10	154.8074717
1991	5	11	153.3614078
1991	5	12	146.2581237
1991	5	13	142.09705
1991	5	14	139.3647013
1991	5	15	139.3647013
1991	5	16	138.0109758
1991	5	17	131.3660156
1991	5	18	124.9252796
1991	5	19	138.0109758
1991	5	20	138.0109758
1991	5	21	144.8627318
1991	5	22	138.0109758
1991	5	23	139.3647013
1991	5	24	151.9238399
1991	5	25	162.1659398
1991	5	26	168.2077022
1991	5	27	185.5439332
1991	5	28	214.4677556
1991	5	29	291.077417
1991	5	30	248.0086633
1991	5	31	214.4677556
1991	6	1	190.458131
1991	6	2	212.693291
1991	6	3	238.3846178
1991	6	4	234.6016443
1991	6	5	219.8467279
1991	6	6	200.5294055
1991	6	7	185.5439332
1991	6	8	172.8302772
1991	6	9	333.8375222
1991	6	10	606.1565992
1991	6	11	476.1819001
1991	6	12	493.984731
1991	6	13	427.941592
1991	6	14	390.6096769
1991	6	15	336.1904273
1991	6	16	265.9381765
1991	6	17	219.8467279
1991	6	18	197.1361481
1991	6	19	174.3886238
1991	6	20	163.6634044
1991	6	21	149.0741114
1991	6	22	142.09705
1991	6	23	147.6619101
1991	6	24	157.7251686
1991	6	25	147.6619101
1991	6	26	153.3614078
1991	6	27	150.4947479
1991	6	28	150.4947479
1991	6	29	147.6619101
1991	6	30	151.9238399
1991	7	1	150.4947479
1991	7	2	153.3614078
1991	7	3	182.3124169
1991	7	4	214.4677556
1991	7	5	218.0444546
1991	7	6	205.6875446
1991	7	7	228.9981085
1991	7	8	340.9273566
1991	7	9	367.7282767
1991	7	10	1112.116774
1991	7	11	2042.167456
1991	7	12	2276.580686
1991	7	13	2168.739222
1991	7	14	1645.516527
1991	7	15	1043.607266
1991	7	16	764.230185
1991	7	17	733.073851
1991	7	18	752.4512692
1991	7	19	1484.817526
1991	7	20	2013.076531
1991	7	21	1607.51149
1991	7	22	1419.919709
1991	7	23	1323.170969
1991	7	24	914.6677939
1991	7	25	923.5261103
1991	7	26	1162.73447
1991	7	27	1268.245755
1991	7	28	950.4230528
1991	7	29	710.237644
1991	7	30	676.8280867
1991	7	31	1601.231361
1991	8	1	3553.383012
1991	8	2	2723.811722
1991	8	3	1472.882549
1991	8	4	1122.127476
1991	8	5	1010.370763
1991	8	6	897.1113732
1991	8	7	768.1820016
1991	8	8	572.6351381
1991	8	9	549.8771565
1991	8	10	1117.115097
1991	8	11	1379.563509
1991	8	12	1257.435413
1991	8	13	845.7143622
1991	8	14	562.8108689
1991	8	15	414.3633513
1991	8	16	326.8408242
1991	8	17	286.7884714
1991	8	18	246.0647361
1991	8	19	218.0444546
1991	8	20	210.9280571
1991	8	21	198.8282397
1991	8	22	192.1141223
1991	8	23	665.9150098
1991	8	24	4537.647542
1991	8	25	4733.019497
1991	8	26	3420.581882
1991	8	27	1857.71857
1991	8	28	854.1487717
1991	8	29	540.3002494
1991	8	30	602.750565
1991	8	31	579.2439511
1991	9	1	579.2439511
1991	9	2	503.0402069
1991	9	3	388.0244653
1991	9	4	331.4949657
1991	9	5	546.6731329
1991	9	6	1019.798148
1991	9	7	820.7249807
1991	9	8	808.40601
1991	9	9	655.112891
1991	9	10	506.08164
1991	9	11	414.3633513
1991	9	12	350.5262075
1991	9	13	313.1248403
1991	9	14	299.7753983
1991	9	15	274.160011
1991	9	16	261.8859472
1991	9	17	251.9253286
1991	9	18	234.6016443
1991	9	19	223.4792192
1991	9	20	212.693291
1991	9	21	212.693291
1991	9	22	205.6875446
1991	9	23	210.9280571
1991	9	24	212.693291
1991	9	25	205.6875446
1991	9	26	209.1720344
1991	9	27	370.2279904
1991	9	28	1295.525925
1991	9	29	1710.100468
1991	9	30	1385.284067
1991	10	1	772.1466016
1991	10	2	556.3204543
1991	10	3	453.0782526
1991	10	4	375.2593067
1991	10	5	333.8375222
1991	10	6	306.4045528
1991	10	7	278.3299189
1991	10	8	263.907187
1991	10	9	255.8805361
1991	10	10	244.1303872
1991	10	11	236.4883899
1991	10	12	228.9981085
1991	10	13	221.6583097
1991	10	14	212.693291
1991	10	15	209.1720344
1991	10	16	192.1141223
1991	10	17	207.4252034
1991	10	18	200.5294055
1991	10	19	197.1361481
1991	10	20	197.1361481
1991	10	21	192.1141223
1991	10	22	192.1141223
1991	10	23	192.1141223
1991	10	24	190.458131
1991	10	25	188.8111156
1991	10	26	192.1141223
1991	10	27	185.5439332
1991	10	28	185.5439332
1991	10	29	183.9237267
1991	10	30	179.1164081
1991	10	31	177.5316694
1991	11	1	182.3124169
1991	11	2	180.709984
1991	11	3	175.9557479
1991	11	4	174.3886238
1991	11	5	175.9557479
1991	11	6	169.7398364
1991	11	7	166.6842655
1991	11	8	172.8302772
1991	11	9	169.7398364
1991	11	10	171.280688
1991	11	11	175.9557479
1991	11	12	175.9557479
1991	11	13	172.8302772
1991	11	14	175.9557479
1991	11	15	175.9557479
1991	11	16	171.280688
1991	11	17	169.7398364
1991	11	18	168.2077022
1991	11	19	169.7398364
1991	11	20	175.9557479
1991	11	21	162.1659398
1991	11	22	175.9557479
1991	11	23	172.8302772
1991	11	24	174.3886238
1991	11	25	172.8302772
1991	11	26	179.1164081
1991	11	27	166.6842655
1991	11	28	163.6634044
1991	11	29	171.280688
1991	11	30	171.280688
1991	12	1	162.1659398
1991	12	2	157.7251686
1991	12	3	156.2620518
1991	12	4	153.3614078
1991	12	5	151.9238399
1991	12	6	160.6770924
1991	12	7	162.1659398
1991	12	8	154.8074717
1991	12	9	149.0741114
1991	12	10	144.8627318
1991	12	11	138.0109758
1991	12	12	138.0109758
1991	12	13	139.3647013
1991	12	14	138.0109758
1991	12	15	135.3283199
1991	12	16	133.9993484
1991	12	17	135.3283199
1991	12	18	139.3647013
1991	12	19	140.7267192
1991	12	20	144.8627318
1991	12	21	144.8627318
1991	12	22	142.09705
1991	12	23	142.09705
1991	12	24	150.4947479
1991	12	25	156.2620518
1991	12	26	163.6634044
1991	12	27	171.280688
1991	12	28	179.1164081
1991	12	29	195.4531111
1991	12	30	205.6875446
1991	12	31	198.8282397
1992	1	1	182.3124169
1992	1	2	166.6842655
1992	1	3	156.2620518
1992	1	4	147.6619101
1992	1	5	144.8627318
1992	1	6	142.09705
1992	1	7	138.0109758
1992	1	8	133.9993484
1992	1	9	138.0109758
1992	1	10	139.3647013
1992	1	11	142.09705
1992	1	12	143.475714
1992	1	13	146.2581237
1992	1	14	143.475714
1992	1	15	140.7267192
1992	1	16	136.6655222
1992	1	17	133.9993484
1992	1	18	133.9993484
1992	1	19	136.6655222
1992	1	20	139.3647013
1992	1	21	143.475714
1992	1	22	146.2581237
1992	1	23	150.4947479
1992	1	24	150.4947479
1992	1	25	143.475714
1992	1	26	138.0109758
1992	1	27	135.3283199
1992	1	28	135.3283199
1992	1	29	133.9993484
1992	1	30	132.6785872
1992	1	31	130.061613
1992	2	1	131.3660156
1992	2	2	133.9993484
1992	2	3	138.0109758
1992	2	4	135.3283199
1992	2	5	135.3283199
1992	2	6	133.9993484
1992	2	7	130.061613
1992	2	8	136.6655222
1992	2	9	142.09705
1992	2	10	144.8627318
1992	2	11	149.0741114
1992	2	12	147.6619101
1992	2	13	142.09705
1992	2	14	140.7267192
1992	2	15	138.0109758
1992	2	16	136.6655222
1992	2	17	140.7267192
1992	2	18	143.475714
1992	2	19	146.2581237
1992	2	20	150.4947479
1992	2	21	154.8074717
1992	2	22	163.6634044
1992	2	23	174.3886238
1992	2	24	192.1141223
1992	2	25	214.4677556
1992	2	26	221.6583097
1992	2	27	223.4792192
1992	2	28	216.2514703
1992	2	29	198.8282397
1992	3	1	180.709984
1992	3	2	165.1695062
1992	3	3	149.0741114
1992	3	4	142.09705
1992	3	5	139.3647013
1992	3	6	138.0109758
1992	3	7	139.3647013
1992	3	8	143.475714
1992	3	9	147.6619101
1992	3	10	149.0741114
1992	3	11	154.8074717
1992	3	12	162.1659398
1992	3	13	168.2077022
1992	3	14	166.6842655
1992	3	15	165.1695062
1992	3	16	160.6770924
1992	3	17	156.2620518
1992	3	18	157.7251686
1992	3	19	156.2620518
1992	3	20	162.1659398
1992	3	21	169.7398364
1992	3	22	187.1730563
1992	3	23	205.6875446
1992	3	24	244.1303872
1992	3	25	255.8805361
1992	3	26	282.5393555
1992	3	27	276.2400333
1992	3	28	221.6583097
1992	3	29	190.458131
1992	3	30	166.6842655
1992	3	31	154.8074717
1992	4	1	175.9557479
1992	4	2	172.8302772
1992	4	3	165.1695062
1992	4	4	162.1659398
1992	4	5	156.2620518
1992	4	6	156.2620518
1992	4	7	150.4947479
1992	4	8	146.2581237
1992	4	9	151.9238399
1992	4	10	569.348539
1992	4	11	1034.042283
1992	4	12	892.75555
1992	4	13	647.9728951
1992	4	14	473.2544974
1992	4	15	360.2926948
1992	4	16	308.6344978
1992	4	17	270.0294806
1992	4	18	242.2055973
1992	4	19	232.7243617
1992	4	20	223.4792192
1992	4	21	218.0444546
1992	4	22	223.4792192
1992	4	23	214.4677556
1992	4	24	219.8467279
1992	4	25	209.1720344
1992	4	26	195.4531111
1992	4	27	180.709984
1992	4	28	172.8302772
1992	4	29	163.6634044
1992	4	30	166.6842655
1992	5	1	159.196842
1992	5	2	162.1659398
1992	5	3	159.196842
1992	5	4	151.9238399
1992	5	5	153.3614078
1992	5	6	147.6619101
1992	5	7	157.7251686
1992	5	8	169.7398364
1992	5	9	171.280688
1992	5	10	163.6634044
1992	5	11	193.7791091
1992	5	12	249.9621878
1992	5	13	180.709984
1992	5	14	165.1695062
1992	5	15	156.2620518
1992	5	16	157.7251686
1992	5	17	154.8074717
1992	5	18	156.2620518
1992	5	19	149.0741114
1992	5	20	139.3647013
1992	5	21	132.6785872
1992	5	22	122.4055891
1992	5	23	126.1972128
1992	5	24	128.7653588
1992	5	25	128.7653588
1992	5	26	138.0109758
1992	5	27	146.2581237
1992	5	28	151.9238399
1992	5	29	143.475714
1992	5	30	142.09705
1992	5	31	140.7267192
1992	6	1	149.0741114
1992	6	2	150.4947479
1992	6	3	139.3647013
1992	6	4	127.4772323
1992	6	5	124.9252796
1992	6	6	118.6861812
1992	6	7	119.9179946
1992	6	8	123.661412
1992	6	9	131.3660156
1992	6	10	138.0109758
1992	6	11	131.3660156
1992	6	12	127.4772323
1992	6	13	123.661412
1992	6	14	126.1972128
1992	6	15	127.4772323
1992	6	16	128.7653588
1992	6	17	130.061613
1992	6	18	136.6655222
1992	6	19	142.09705
1992	6	20	165.1695062
1992	6	21	160.6770924
1992	6	22	160.6770924
1992	6	23	159.196842
1992	6	24	151.9238399
1992	6	25	147.6619101
1992	6	26	140.7267192
1992	6	27	132.6785872
1992	6	28	130.061613
1992	6	29	130.061613
1992	6	30	126.1972128
1992	7	1	123.661412
1992	7	2	121.1577903
1992	7	3	122.4055891
1992	7	4	127.4772323
1992	7	5	162.1659398
1992	7	6	179.1164081
1992	7	7	200.5294055
1992	7	8	195.4531111
1992	7	9	169.7398364
1992	7	10	160.6770924
1992	7	11	168.2077022
1992	7	12	180.709984
1992	7	13	340.9273566
1992	7	14	380.3332629
1992	7	15	569.348539
1992	7	16	651.5367628
1992	7	17	1132.194469
1992	7	18	1984.246738
1992	7	19	2093.707783
1992	7	20	1173.027902
1992	7	21	606.1565992
1992	7	22	409.0087001
1992	7	23	315.3852748
1992	7	24	246.0647361
1992	7	25	205.6875446
1992	7	26	179.1164081
1992	7	27	157.7251686
1992	7	28	143.475714
1992	7	29	136.6655222
1992	7	30	130.061613
1992	7	31	127.4772323
1992	8	1	126.1972128
1992	8	2	131.3660156
1992	8	3	143.475714
1992	8	4	143.475714
1992	8	5	138.0109758
1992	8	6	142.09705
1992	8	7	143.475714
1992	8	8	142.09705
1992	8	9	146.2581237
1992	8	10	150.4947479
1992	8	11	190.458131
1992	8	12	238.3846178
1992	8	13	313.1248403
1992	8	14	370.2279904
1992	8	15	395.8124248
1992	8	16	390.6096769
1992	8	17	433.4499101
1992	8	18	367.7282767
1992	8	19	313.1248403
1992	8	20	274.160011
1992	8	21	248.0086633
1992	8	22	202.2396652
1992	8	23	179.1164081
1992	8	24	165.1695062
1992	8	25	216.2514703
1992	8	26	968.6239799
1992	8	27	1209.504055
1992	8	28	879.7676951
1992	8	29	549.8771565
1992	8	30	417.0570649
1992	8	31	333.8375222
1992	9	1	278.3299189
1992	9	2	238.3846178
1992	9	3	228.9981085
1992	9	4	212.693291
1992	9	5	218.0444546
1992	9	6	240.2903472
1992	9	7	219.8467279
1992	9	8	195.4531111
1992	9	9	197.1361481
1992	9	10	230.8565228
1992	9	11	238.3846178
1992	9	12	221.6583097
1992	9	13	210.9280571
1992	9	14	255.8805361
1992	9	15	244.1303872
1992	9	16	232.7243617
1992	9	17	203.9590384
1992	9	18	187.1730563
1992	9	19	174.3886238
1992	9	20	159.196842
1992	9	21	151.9238399
1992	9	22	147.6619101
1992	9	23	144.8627318
1992	9	24	242.2055973
1992	9	25	760.2911353
1992	9	26	888.4130069
1992	9	27	954.9530052
1992	9	28	602.750565
1992	9	29	419.7617279
1992	9	30	340.9273566
1992	10	1	322.2278549
1992	10	2	304.1847336
1992	10	3	265.9381765
1992	10	4	236.4883899
1992	10	5	225.309476
1992	10	6	210.9280571
1992	10	7	202.2396652
1992	10	8	188.8111156
1992	10	9	175.9557479
1992	10	10	166.6842655
1992	10	11	159.196842
1992	10	12	151.9238399
1992	10	13	146.2581237
1992	10	14	143.475714
1992	10	15	139.3647013
1992	10	16	135.3283199
1992	10	17	131.3660156
1992	10	18	132.6785872
1992	10	19	132.6785872
1992	10	20	132.6785872
1992	10	21	136.6655222
1992	10	22	133.9993484
1992	10	23	132.6785872
1992	10	24	128.7653588
1992	10	25	123.661412
1992	10	26	119.9179946
1992	10	27	117.4623293
1992	10	28	122.4055891
1992	10	29	128.7653588
1992	10	30	124.9252796
1992	10	31	113.8383331
1992	11	1	112.6461178
1992	11	2	113.8383331
1992	11	3	112.6461178
1992	11	4	111.4617591
1992	11	5	113.8383331
1992	11	6	112.6461178
1992	11	7	111.4617591
1992	11	8	110.2852362
1992	11	9	110.2852362
1992	11	10	116.2464179
1992	11	11	118.6861812
1992	11	12	117.4623293
1992	11	13	117.4623293
1992	11	14	115.0384262
1992	11	15	113.8383331
1992	11	16	110.2852362
1992	11	17	112.6461178
1992	11	18	112.6461178
1992	11	19	115.0384262
1992	11	20	122.4055891
1992	11	21	116.2464179
1992	11	22	113.8383331
1992	11	23	111.4617591
1992	11	24	118.6861812
1992	11	25	119.9179946
1992	11	26	113.8383331
1992	11	27	109.1165278
1992	11	28	109.1165278
1992	11	29	112.6461178
1992	11	30	117.4623293
1992	12	1	126.1972128
1992	12	2	127.4772323
1992	12	3	128.7653588
1992	12	4	128.7653588
1992	12	5	123.661412
1992	12	6	123.661412
1992	12	7	131.3660156
1992	12	8	131.3660156
1992	12	9	124.9252796
1992	12	10	122.4055891
1992	12	11	121.1577903
1992	12	12	118.6861812
1992	12	13	117.4623293
1992	12	14	116.2464179
1992	12	15	118.6861812
1992	12	16	121.1577903
1992	12	17	118.6861812
1992	12	18	113.8383331
1992	12	19	111.4617591
1992	12	20	113.8383331
1992	12	21	117.4623293
1992	12	22	118.6861812
1992	12	23	123.661412
1992	12	24	127.4772323
1992	12	25	133.9993484
1992	12	26	138.0109758
1992	12	27	138.0109758
1992	12	28	132.6785872
1992	12	29	121.1577903
1992	12	30	118.6861812
1992	12	31	-9999
1993	1	1	117.4623293
1993	1	2	116.2464179
1993	1	3	118.6861812
1993	1	4	118.6861812
1993	1	5	117.4623293
1993	1	6	116.2464179
1993	1	7	113.8383331
1993	1	8	112.6461178
1993	1	9	111.4617591
1993	1	10	111.4617591
1993	1	11	110.2852362
1993	1	12	111.4617591
1993	1	13	113.8383331
1993	1	14	116.2464179
1993	1	15	117.4623293
1993	1	16	119.9179946
1993	1	17	119.9179946
1993	1	18	117.4623293
1993	1	19	115.0384262
1993	1	20	113.8383331
1993	1	21	113.8383331
1993	1	22	112.6461178
1993	1	23	111.4617591
1993	1	24	112.6461178
1993	1	25	115.0384262
1993	1	26	115.0384262
1993	1	27	116.2464179
1993	1	28	118.6861812
1993	1	29	118.6861812
1993	1	30	117.4623293
1993	1	31	116.2464179
1993	2	1	116.2464179
1993	2	2	113.8383331
1993	2	3	113.8383331
1993	2	4	115.0384262
1993	2	5	117.4623293
1993	2	6	115.0384262
1993	2	7	113.8383331
1993	2	8	113.8383331
1993	2	9	112.6461178
1993	2	10	111.4617591
1993	2	11	112.6461178
1993	2	12	113.8383331
1993	2	13	116.2464179
1993	2	14	117.4623293
1993	2	15	116.2464179
1993	2	16	113.8383331
1993	2	17	115.0384262
1993	2	18	116.2464179
1993	2	19	116.2464179
1993	2	20	116.2464179
1993	2	21	118.6861812
1993	2	22	136.6655222
1993	2	23	123.661412
1993	2	24	146.2581237
1993	2	25	133.9993484
1993	2	26	121.1577903
1993	2	27	111.4617591
1993	2	28	92.50925624
1993	3	1	221.6583097
1993	3	2	202.2396652
1993	3	3	185.5439332
1993	3	4	183.9237267
1993	3	5	163.6634044
1993	3	6	154.8074717
1993	3	7	151.9238399
1993	3	8	150.4947479
1993	3	9	147.6619101
1993	3	10	143.475714
1993	3	11	140.7267192
1993	3	12	139.3647013
1993	3	13	140.7267192
1993	3	14	144.8627318
1993	3	15	144.8627318
1993	3	16	142.09705
1993	3	17	136.6655222
1993	3	18	135.3283199
1993	3	19	135.3283199
1993	3	20	132.6785872
1993	3	21	131.3660156
1993	3	22	136.6655222
1993	3	23	136.6655222
1993	3	24	135.3283199
1993	3	25	151.9238399
1993	3	26	159.196842
1993	3	27	156.2620518
1993	3	28	154.8074717
1993	3	29	153.3614078
1993	3	30	156.2620518
1993	3	31	154.8074717
1993	4	1	142.09705
1993	4	2	130.061613
1993	4	3	127.4772323
1993	4	4	127.4772323
1993	4	5	132.6785872
1993	4	6	130.061613
1993	4	7	126.1972128
1993	4	8	123.661412
1993	4	9	119.9179946
1993	4	10	117.4623293
1993	4	11	118.6861812
1993	4	12	117.4623293
1993	4	13	113.8383331
1993	4	14	107.955613
1993	4	15	98.94632308
1993	4	16	97.85459694
1993	4	17	100.0456518
1993	4	18	100.0456518
1993	4	19	96.770452
1993	4	20	94.6248202
1993	4	21	92.50925624
1993	4	22	91.462696
1993	4	23	88.36764379
1993	4	24	95.69386689
1993	4	25	98.94632308
1993	4	26	102.2672022
1993	4	27	103.3894665
1993	4	28	107.955613
1993	4	29	110.2852362
1993	4	30	113.8383331
1993	5	1	118.6861812
1993	5	2	147.6619101
1993	5	3	216.2514703
1993	5	4	209.1720344
1993	5	5	203.9590384
1993	5	6	198.8282397
1993	5	7	182.3124169
1993	5	8	160.6770924
1993	5	9	147.6619101
1993	5	10	153.3614078
1993	5	11	169.7398364
1993	5	12	188.8111156
1993	5	13	179.1164081
1993	5	14	297.5858449
1993	5	15	1563.873463
1993	5	16	1351.182845
1993	5	17	706.475569
1993	5	18	490.9891216
1993	5	19	419.7617279
1993	5	20	388.0244653
1993	5	21	319.9367636
1993	5	22	278.3299189
1993	5	23	345.7059009
1993	5	24	572.6351381
1993	5	25	411.6805691
1993	5	26	322.2278549
1993	5	27	291.077417
1993	5	28	200.5294055
1993	5	29	171.280688
1993	5	30	157.7251686
1993	5	31	147.6619101
1993	6	1	140.7267192
1993	6	2	175.9557479
1993	6	3	228.9981085
1993	6	4	197.1361481
1993	6	5	267.9789347
1993	6	6	255.8805361
1993	6	7	198.8282397
1993	6	8	166.6842655
1993	6	9	163.6634044
1993	6	10	140.7267192
1993	6	11	138.0109758
1993	6	12	135.3283199
1993	6	13	149.0741114
1993	6	14	175.9557479
1993	6	15	182.3124169
1993	6	16	179.1164081
1993	6	17	166.6842655
1993	6	18	147.6619101
1993	6	19	136.6655222
1993	6	20	132.6785872
1993	6	21	124.9252796
1993	6	22	117.4623293
1993	6	23	122.4055891
1993	6	24	127.4772323
1993	6	25	131.3660156
1993	6	26	135.3283199
1993	6	27	142.09705
1993	6	28	165.1695062
1993	6	29	609.5746716
1993	6	30	1279.114164
1993	7	1	1209.504055
1993	7	2	776.1240018
1993	7	3	482.0706941
1993	7	4	340.9273566
1993	7	5	261.8859472
1993	7	6	212.693291
1993	7	7	179.1164081
1993	7	8	159.196842
1993	7	9	153.3614078
1993	7	10	156.2620518
1993	7	11	172.8302772
1993	7	12	276.2400333
1993	7	13	1122.127476
1993	7	14	3532.745483
1993	7	15	4128.094567
1993	7	16	2839.066585
1993	7	17	1677.613704
1993	7	18	1362.490747
1993	7	19	1551.543462
1993	7	20	1167.874078
1993	7	21	736.924002
1993	7	22	540.3002494
1993	7	23	444.5993718
1993	7	24	375.2593067
1993	7	25	329.1627392
1993	7	26	304.1847336
1993	7	27	282.5393555
1993	7	28	261.8859472
1993	7	29	270.0294806
1993	7	30	623.3676867
1993	7	31	871.1753063
1993	8	1	849.9250092
1993	8	2	897.1113732
1993	8	3	2315.893196
1993	8	4	3022.269152
1993	8	5	2056.81114
1993	8	6	1122.127476
1993	8	7	698.9889468
1993	8	8	901.4804928
1993	8	9	2830.094382
1993	8	10	4671.410889
1993	8	11	5635.69889
1993	8	12	4659.149834
1993	8	13	3154.810064
1993	8	14	2620.066513
1993	8	15	1892.341816
1993	8	16	1551.543462
1993	8	17	1527.066672
1993	8	18	1262.833334
1993	8	19	977.8057237
1993	8	20	784.1172694
1993	8	21	1214.772179
1993	8	22	1837.136643
1993	8	23	1514.919636
1993	8	24	1142.31788
1993	8	25	866.898917
1993	8	26	1024.532435
1993	8	27	1749.601514
1993	8	28	1885.385093
1993	8	29	1425.744509
1993	8	30	954.9530052
1993	8	31	729.2363327
1993	9	1	609.5746716
1993	9	2	572.6351381
1993	9	3	527.6946496
1993	9	4	521.4616541
1993	9	5	490.9891216
1993	9	6	450.240801
1993	9	7	406.3477265
1993	9	8	372.7383277
1993	9	9	336.1904273
1993	9	10	315.3852748
1993	9	11	299.7753983
1993	9	12	272.089833
1993	9	13	261.8859472
1993	9	14	253.8981051
1993	9	15	242.2055973
1993	9	16	238.3846178
1993	9	17	278.3299189
1993	9	18	556.3204543
1993	9	19	1034.042283
1993	9	20	740.7868026
1993	9	21	473.2544974
1993	9	22	365.2391684
1993	9	23	310.8745875
1993	9	24	267.9789347
1993	9	25	238.3846178
1993	9	26	228.9981085
1993	9	27	216.2514703
1993	9	28	212.693291
1993	9	29	209.1720344
1993	9	30	203.9590384
1993	10	1	207.4252034
1993	10	2	219.8467279
1993	10	3	240.2903472
1993	10	4	225.309476
1993	10	5	227.1490993
1993	10	6	225.309476
1993	10	7	234.6016443
1993	10	8	238.3846178
1993	10	9	240.2903472
1993	10	10	240.2903472
1993	10	11	240.2903472
1993	10	12	238.3846178
1993	10	13	230.8565228
1993	10	14	230.8565228
1993	10	15	223.4792192
1993	10	16	219.8467279
1993	10	17	214.4677556
1993	10	18	210.9280571
1993	10	19	209.1720344
1993	10	20	207.4252034
1993	10	21	210.9280571
1993	10	22	210.9280571
1993	10	23	210.9280571
1993	10	24	212.693291
1993	10	25	209.1720344
1993	10	26	209.1720344
1993	10	27	205.6875446
1993	10	28	203.9590384
1993	10	29	216.2514703
1993	10	30	261.8859472
1993	10	31	257.8726407
1993	11	1	263.907187
1993	11	2	255.8805361
1993	11	3	238.3846178
1993	11	4	227.1490993
1993	11	5	221.6583097
1993	11	6	218.0444546
1993	11	7	230.8565228
1993	11	8	248.0086633
1993	11	9	246.0647361
1993	11	10	242.2055973
1993	11	11	232.7243617
1993	11	12	230.8565228
1993	11	13	236.4883899
1993	11	14	257.8726407
1993	11	15	274.160011
1993	11	16	299.7753983
1993	11	17	280.4296867
1993	11	18	261.8859472
1993	11	19	251.9253286
1993	11	20	249.9621878
1993	11	21	236.4883899
1993	11	22	228.9981085
1993	11	23	219.8467279
1993	11	24	212.693291
1993	11	25	207.4252034
1993	11	26	214.4677556
1993	11	27	209.1720344
1993	11	28	209.1720344
1993	11	29	205.6875446
1993	11	30	205.6875446
1993	12	1	253.8981051
1993	12	2	238.3846178
1993	12	3	232.7243617
1993	12	4	227.1490993
1993	12	5	216.2514703
1993	12	6	212.693291
1993	12	7	210.9280571
1993	12	8	198.8282397
1993	12	9	192.1141223
1993	12	10	187.1730563
1993	12	11	183.9237267
1993	12	12	177.5316694
1993	12	13	172.8302772
1993	12	14	177.5316694
1993	12	15	180.709984
1993	12	16	180.709984
1993	12	17	179.1164081
1993	12	18	174.3886238
1993	12	19	171.280688
1993	12	20	166.6842655
1993	12	21	163.6634044
1993	12	22	166.6842655
1993	12	23	175.9557479
1993	12	24	182.3124169
1993	12	25	180.709984
1993	12	26	169.7398364
1993	12	27	165.1695062
1993	12	28	162.1659398
1993	12	29	163.6634044
1993	12	30	166.6842655
1993	12	31	166.6842655
1994	1	1	162.1659398
1994	1	2	156.2620518
1994	1	3	159.196842
1994	1	4	168.2077022
1994	1	5	172.8302772
1994	1	6	175.9557479
1994	1	7	171.280688
1994	1	8	219.8467279
1994	1	9	286.7884714
1994	1	10	263.907187
1994	1	11	227.1490993
1994	1	12	187.1730563
1994	1	13	187.1730563
1994	1	14	192.1141223
1994	1	15	212.693291
1994	1	16	192.1141223
1994	1	17	190.458131
1994	1	18	190.458131
1994	1	19	187.1730563
1994	1	20	185.5439332
1994	1	21	183.9237267
1994	1	22	182.3124169
1994	1	23	179.1164081
1994	1	24	175.9557479
1994	1	25	172.8302772
1994	1	26	169.7398364
1994	1	27	166.6842655
1994	1	28	165.1695062
1994	1	29	162.1659398
1994	1	30	159.196842
1994	1	31	153.3614078
1994	2	1	151.9238399
1994	2	2	150.4947479
1994	2	3	149.0741114
1994	2	4	146.2581237
1994	2	5	146.2581237
1994	2	6	144.8627318
1994	2	7	143.475714
1994	2	8	143.475714
1994	2	9	140.7267192
1994	2	10	139.3647013
1994	2	11	140.7267192
1994	2	12	144.8627318
1994	2	13	150.4947479
1994	2	14	156.2620518
1994	2	15	153.3614078
1994	2	16	150.4947479
1994	2	17	149.0741114
1994	2	18	149.0741114
1994	2	19	150.4947479
1994	2	20	151.9238399
1994	2	21	151.9238399
1994	2	22	150.4947479
1994	2	23	149.0741114
1994	2	24	146.2581237
1994	2	25	143.475714
1994	2	26	142.09705
1994	2	27	140.7267192
1994	2	28	138.0109758
1994	3	1	136.6655222
1994	3	2	136.6655222
1994	3	3	135.3283199
1994	3	4	133.9993484
1994	3	5	133.9993484
1994	3	6	135.3283199
1994	3	7	138.0109758
1994	3	8	139.3647013
1994	3	9	136.6655222
1994	3	10	136.6655222
1994	3	11	135.3283199
1994	3	12	135.3283199
1994	3	13	135.3283199
1994	3	14	133.9993484
1994	3	15	132.6785872
1994	3	16	132.6785872
1994	3	17	132.6785872
1994	3	18	133.9993484
1994	3	19	133.9993484
1994	3	20	132.6785872
1994	3	21	132.6785872
1994	3	22	132.6785872
1994	3	23	131.3660156
1994	3	24	131.3660156
1994	3	25	130.061613
1994	3	26	130.061613
1994	3	27	130.061613
1994	3	28	128.7653588
1994	3	29	128.7653588
1994	3	30	127.4772323
1994	3	31	127.4772323
1994	4	1	119.9179946
1994	4	2	119.9179946
1994	4	3	119.9179946
1994	4	4	119.9179946
1994	4	5	121.1577903
1994	4	6	121.1577903
1994	4	7	123.661412
1994	4	8	124.9252796
1994	4	9	122.4055891
1994	4	10	119.9179946
1994	4	11	122.4055891
1994	4	12	138.0109758
1994	4	13	147.6619101
1994	4	14	143.475714
1994	4	15	143.475714
1994	4	16	147.6619101
1994	4	17	146.2581237
1994	4	18	140.7267192
1994	4	19	135.3283199
1994	4	20	126.1972128
1994	4	21	122.4055891
1994	4	22	122.4055891
1994	4	23	126.1972128
1994	4	24	121.1577903
1994	4	25	117.4623293
1994	4	26	117.4623293
1994	4	27	115.0384262
1994	4	28	110.2852362
1994	4	29	106.8024706
1994	4	30	103.3894665
1994	5	1	98.94632308
1994	5	2	98.94632308
1994	5	3	100.0456518
1994	5	4	109.1165278
1994	5	5	118.6861812
1994	5	6	119.9179946
1994	5	7	121.1577903
1994	5	8	119.9179946
1994	5	9	117.4623293
1994	5	10	115.0384262
1994	5	11	123.661412
1994	5	12	154.8074717
1994	5	13	150.4947479
1994	5	14	147.6619101
1994	5	15	218.0444546
1994	5	16	352.9520676
1994	5	17	515.2750086
1994	5	18	439.0024557
1994	5	19	322.2278549
1994	5	20	240.2903472
1994	5	21	192.1141223
1994	5	22	165.1695062
1994	5	23	147.6619101
1994	5	24	139.3647013
1994	5	25	132.6785872
1994	5	26	163.6634044
1994	5	27	177.5316694
1994	5	28	195.4531111
1994	5	29	179.1164081
1994	5	30	153.3614078
1994	5	31	133.9993484
1994	6	1	121.1577903
1994	6	2	116.2464179
1994	6	3	115.0384262
1994	6	4	115.0384262
1994	6	5	113.8383331
1994	6	6	116.2464179
1994	6	7	117.4623293
1994	6	8	118.6861812
1994	6	9	119.9179946
1994	6	10	117.4623293
1994	6	11	112.6461178
1994	6	12	112.6461178
1994	6	13	112.6461178
1994	6	14	109.1165278
1994	6	15	107.955613
1994	6	16	104.5194186
1994	6	17	100.0456518
1994	6	18	98.94632308
1994	6	19	123.661412
1994	6	20	159.196842
1994	6	21	147.6619101
1994	6	22	144.8627318
1994	6	23	147.6619101
1994	6	24	132.6785872
1994	6	25	130.061613
1994	6	26	133.9993484
1994	6	27	138.0109758
1994	6	28	177.5316694
1994	6	29	187.1730563
1994	6	30	198.8282397
1994	7	1	219.8467279
1994	7	2	829.002599
1994	7	3	1262.833334
1994	7	4	772.1466016
1994	7	5	479.1206264
1994	7	6	333.8375222
1994	7	7	261.8859472
1994	7	8	218.0444546
1994	7	9	185.5439332
1994	7	10	166.6842655
1994	7	11	147.6619101
1994	7	12	131.3660156
1994	7	13	117.4623293
1994	7	14	102.2672022
1994	7	15	94.6248202
1994	7	16	95.69386689
1994	7	17	92.50925624
1994	7	18	97.85459694
1994	7	19	128.7653588
1994	7	20	127.4772323
1994	7	21	117.4623293
1994	7	22	109.1165278
1994	7	23	103.3894665
1994	7	24	96.770452
1994	7	25	94.6248202
1994	7	26	96.770452
1994	7	27	127.4772323
1994	7	28	118.6861812
1994	7	29	113.8383331
1994	7	30	106.8024706
1994	7	31	105.6570795
1994	8	1	118.6861812
1994	8	2	209.1720344
1994	8	3	197.1361481
1994	8	4	257.8726407
1994	8	5	197.1361481
1994	8	6	153.3614078
1994	8	7	131.3660156
1994	8	8	112.6461178
1994	8	9	101.1526044
1994	8	10	98.94632308
1994	8	11	133.9993484
1994	8	12	209.1720344
1994	8	13	156.2620518
1994	8	14	135.3283199
1994	8	15	113.8383331
1994	8	16	96.770452
1994	8	17	86.34125011
1994	8	18	77.5835105
1994	8	19	72.96929485
1994	8	20	73.87797441
1994	8	21	69.40473084
1994	8	22	69.40473084
1994	8	23	66.80434767
1994	8	24	65.95134672
1994	8	25	65.95134672
1994	8	26	65.10520521
1994	8	27	64.26590072
1994	8	28	65.10520521
1994	8	29	65.95134672
1994	8	30	68.53101739
1994	8	31	257.8726407
1994	9	1	219.8467279
1994	9	2	151.9238399
1994	9	3	107.955613
1994	9	4	87.35076393
1994	9	5	109.1165278
1994	9	6	116.2464179
1994	9	7	81.40341181
1994	9	8	77.5835105
1994	9	9	72.06765288
1994	9	10	64.26590072
1994	9	11	51.74842865
1994	9	12	42.15328363
1994	9	13	44.10615301
1994	9	14	44.10615301
1994	9	15	42.79808515
1994	9	16	41.51460558
1994	9	17	40.25552521
1994	9	18	40.25552521
1994	9	19	44.10615301
1994	9	20	48.17976725
1994	9	21	53.22088361
1994	9	22	53.22088361
1994	9	23	51.02188818
1994	9	24	48.17976725
1994	9	25	48.17976725
1994	9	26	47.48513133
1994	9	27	48.17976725
1994	9	28	48.88073767
1994	9	29	47.48513133
1994	9	30	47.48513133
1994	10	1	46.11476985
1994	10	2	46.79680664
1994	10	3	47.48513133
1994	10	4	47.48513133
1994	10	5	47.48513133
1994	10	6	46.79680664
1994	10	7	44.76946646
1994	10	8	44.10615301
1994	10	9	43.44903375
1994	10	10	42.79808515
1994	10	11	43.44903375
1994	10	12	88.36764379
1994	10	13	139.3647013
1994	10	14	116.2464179
1994	10	15	116.2464179
1994	10	16	94.6248202
1994	10	17	80.43763791
1994	10	18	71.17302635
1994	10	19	82.37642121
1994	10	20	89.39191135
1994	10	21	91.462696
1994	10	22	92.50925624
1994	10	23	90.42358822
1994	10	24	109.1165278
1994	10	25	104.5194186
1994	10	26	88.36764379
1994	10	27	74.79371368
1994	10	28	66.80434767
1994	10	29	61.78878459
1994	10	30	57.79489504
1994	10	31	54.71932403
1994	11	1	52.48141945
1994	11	2	57.79489504
1994	11	3	64.26590072
1994	11	4	61.78878459
1994	11	5	59.37239101
1994	11	6	58.58031484
1994	11	7	52.48141945
1994	11	8	53.22088361
1994	11	9	53.22088361
1994	11	10	53.96684415
1994	11	11	53.96684415
1994	11	12	54.71932403
1994	11	13	55.47834618
1994	11	14	54.71932403
1994	11	15	54.71932403
1994	11	16	53.22088361
1994	11	17	54.71932403
1994	11	18	59.37239101
1994	11	19	63.43341079
1994	11	20	64.26590072
1994	11	21	62.60771292
1994	11	22	61.78878459
1994	11	23	59.37239101
1994	11	24	58.58031484
1994	11	25	57.79489504
1994	11	26	56.24393351
1994	11	27	54.71932403
1994	11	28	53.96684415
1994	11	29	53.22088361
1994	11	30	52.48141945
1994	12	1	52.48141945
1994	12	2	51.74842865
1994	12	3	51.02188818
1994	12	4	51.02188818
1994	12	5	51.02188818
1994	12	6	51.02188818
1994	12	7	50.30177495
1994	12	8	48.88073767
1994	12	9	50.30177495
1994	12	10	54.71932403
1994	12	11	56.24393351
1994	12	12	57.01610885
1994	12	13	57.79489504
1994	12	14	57.79489504
1994	12	15	57.79489504
1994	12	16	57.79489504
1994	12	17	57.79489504
1994	12	18	57.79489504
1994	12	19	56.24393351
1994	12	20	57.79489504
1994	12	21	60.97660323
1994	12	22	61.78878459
1994	12	23	61.78878459
1994	12	24	61.78878459
1994	12	25	61.78878459
1994	12	26	61.78878459
1994	12	27	62.60771292
1994	12	28	63.43341079
1994	12	29	61.78878459
1994	12	30	60.97660323
1994	12	31	61.78878459
1995	1	1	60.97660323
1995	1	2	60.97660323
1995	1	3	60.97660323
1995	1	4	60.97660323
1995	1	5	60.97660323
1995	1	6	60.97660323
1995	1	7	60.97660323
1995	1	8	60.97660323
1995	1	9	59.37239101
1995	1	10	60.97660323
1995	1	11	60.97660323
1995	1	12	57.79489504
1995	1	13	57.01610885
1995	1	14	53.96684415
1995	1	15	55.47834618
1995	1	16	53.22088361
1995	1	17	53.22088361
1995	1	18	57.01610885
1995	1	19	57.79489504
1995	1	20	59.37239101
1995	1	21	59.37239101
1995	1	22	60.97660323
1995	1	23	65.10520521
1995	1	24	65.10520521
1995	1	25	65.10520521
1995	1	26	65.10520521
1995	1	27	62.60771292
1995	1	28	60.97660323
1995	1	29	57.79489504
1995	1	30	57.01610885
1995	1	31	55.47834618
1995	2	1	53.22088361
1995	2	2	51.74842865
1995	2	3	53.22088361
1995	2	4	57.01610885
1995	2	5	59.37239101
1995	2	6	57.79489504
1995	2	7	55.47834618
1995	2	8	53.22088361
1995	2	9	51.74842865
1995	2	10	51.74842865
1995	2	11	51.74842865
1995	2	12	51.02188818
1995	2	13	51.74842865
1995	2	14	51.74842865
1995	2	15	51.02188818
1995	2	16	51.02188818
1995	2	17	51.02188818
1995	2	18	49.58806583
1995	2	19	49.58806583
1995	2	20	49.58806583
1995	2	21	49.58806583
1995	2	22	49.58806583
1995	2	23	49.58806583
1995	2	24	49.58806583
1995	2	25	48.88073767
1995	2	26	48.88073767
1995	2	27	48.88073767
1995	2	28	49.58806583
1995	3	1	49.58806583
1995	3	2	53.22088361
1995	3	3	53.22088361
1995	3	4	53.22088361
1995	3	5	53.22088361
1995	3	6	51.74842865
1995	3	7	51.02188818
1995	3	8	51.02188818
1995	3	9	49.58806583
1995	3	10	53.22088361
1995	3	11	57.01610885
1995	3	12	59.37239101
1995	3	13	57.01610885
1995	3	14	59.37239101
1995	3	15	60.97660323
1995	3	16	60.97660323
1995	3	17	62.60771292
1995	3	18	66.80434767
1995	3	19	66.80434767
1995	3	20	75.71653476
1995	3	21	78.52770917
1995	3	22	72.96929485
1995	3	23	65.10520521
1995	3	24	62.60771292
1995	3	25	59.37239101
1995	3	26	57.01610885
1995	3	27	55.47834618
1995	3	28	53.22088361
1995	3	29	57.79489504
1995	3	30	55.47834618
1995	3	31	51.74842865
1995	4	1	49.58806583
1995	4	2	49.58806583
1995	4	3	48.88073767
1995	4	4	47.48513133
1995	4	5	46.11476985
1995	4	6	44.10615301
1995	4	7	44.10615301
1995	4	8	42.15328363
1995	4	9	42.15328363
1995	4	10	42.15328363
1995	4	11	40.88202735
1995	4	12	40.88202735
1995	4	13	40.25552521
1995	4	14	40.25552521
1995	4	15	40.88202735
1995	4	16	40.25552521
1995	4	17	39.02065424
1995	4	18	38.41223777
1995	4	19	38.41223777
1995	4	20	38.41223777
1995	4	21	38.41223777
1995	4	22	38.41223777
1995	4	23	73.87797441
1995	4	24	123.661412
1995	4	25	144.8627318
1995	4	26	172.8302772
1995	4	27	157.7251686
1995	4	28	123.661412
1995	4	29	97.85459694
1995	4	30	81.40341181
1995	5	1	69.40473084
1995	5	2	60.97660323
1995	5	3	57.01610885
1995	5	4	53.22088361
1995	5	5	49.58806583
1995	5	6	44.76946646
1995	5	7	42.15328363
1995	5	8	40.25552521
1995	5	9	39.02065424
1995	5	10	39.02065424
1995	5	11	42.79808515
1995	5	12	46.11476985
1995	5	13	42.15328363
1995	5	14	40.25552521
1995	5	15	40.25552521
1995	5	16	40.25552521
1995	5	17	40.88202735
1995	5	18	42.15328363
1995	5	19	42.79808515
1995	5	20	46.11476985
1995	5	21	51.02188818
1995	5	22	57.01610885
1995	5	23	77.5835105
1995	5	24	116.2464179
1995	5	25	97.85459694
1995	5	26	86.34125011
1995	5	27	71.17302635
1995	5	28	60.97660323
1995	5	29	53.96684415
1995	5	30	48.88073767
1995	5	31	44.10615301
1995	6	1	42.15328363
1995	6	2	40.88202735
1995	6	3	48.88073767
1995	6	4	62.60771292
1995	6	5	83.35668796
1995	6	6	123.661412
1995	6	7	133.9993484
1995	6	8	107.955613
1995	6	9	105.6570795
1995	6	10	71.17302635
1995	6	11	63.43341079
1995	6	12	53.96684415
1995	6	13	48.88073767
1995	6	14	46.11476985
1995	6	15	44.10615301
1995	6	16	44.76946646
1995	6	17	44.10615301
1995	6	18	42.79808515
1995	6	19	42.79808515
1995	6	20	42.15328363
1995	6	21	42.15328363
1995	6	22	44.10615301
1995	6	23	47.48513133
1995	6	24	48.88073767
1995	6	25	47.48513133
1995	6	26	47.48513133
1995	6	27	47.48513133
1995	6	28	51.02188818
1995	6	29	55.47834618
1995	6	30	57.01610885
1995	7	1	56.24393351
1995	7	2	57.79489504
1995	7	3	64.26590072
1995	7	4	65.10520521
1995	7	5	65.95134672
1995	7	6	65.10520521
1995	7	7	65.95134672
1995	7	8	73.87797441
1995	7	9	83.35668796
1995	7	10	84.34423384
1995	7	11	73.87797441
1995	7	12	101.1526044
1995	7	13	138.0109758
1995	7	14	188.8111156
1995	7	15	149.0741114
1995	7	16	111.4617591
1995	7	17	91.462696
1995	7	18	80.43763791
1995	7	19	73.87797441
1995	7	20	71.17302635
1995	7	21	69.40473084
1995	7	22	71.17302635
1995	7	23	86.34125011
1995	7	24	216.2514703
1995	7	25	388.0244653
1995	7	26	338.5536992
1995	7	27	385.4500046
1995	7	28	317.6559098
1995	7	29	93.56329047
1995	7	30	165.1695062
1995	7	31	123.661412
1995	8	1	97.85459694
1995	8	2	90.42358822
1995	8	3	81.40341181
1995	8	4	71.17302635
1995	8	5	66.80434767
1995	8	6	65.95134672
1995	8	7	65.95134672
1995	8	8	65.95134672
1995	8	9	65.95134672
1995	8	10	65.95134672
1995	8	11	65.95134672
1995	8	12	65.95134672
1995	8	13	65.95134672
1995	8	14	67.66423044
1995	8	15	73.87797441
1995	8	16	93.56329047
1995	8	17	88.36764379
1995	8	18	104.5194186
1995	8	19	105.6570795
1995	8	20	100.0456518
1995	8	21	107.955613
1995	8	22	232.7243617
1995	8	23	326.8408242
1995	8	24	263.907187
1995	8	25	752.4512692
1995	8	26	2153.600352
1995	8	27	2245.433845
1995	8	28	1379.563509
1995	8	29	858.3856661
1995	8	30	626.8462077
1995	8	31	2477.389259
1995	9	1	3872.056142
1995	9	2	2552.300461
1995	9	3	1188.57483
1995	9	4	606.1565992
1995	9	5	403.6976302
1995	9	6	306.4045528
1995	9	7	244.1303872
1995	9	8	214.4677556
1995	9	9	209.1720344
1995	9	10	207.4252034
1995	9	11	195.4531111
1995	9	12	175.9557479
1995	9	13	73.87797441
1995	9	14	132.6785872
1995	9	15	118.6861812
1995	9	16	102.2672022
1995	9	17	91.462696
1995	9	18	84.34423384
1995	9	19	78.52770917
1995	9	20	73.87797441
1995	9	21	66.80434767
1995	9	22	65.10520521
1995	9	23	67.66423044
1995	9	24	74.79371368
1995	9	25	77.5835105
1995	9	26	78.52770917
1995	9	27	86.34125011
1995	9	28	91.462696
1995	9	29	86.34125011
1995	9	30	78.52770917
1995	10	1	73.87797441
1995	10	2	71.17302635
1995	10	3	72.96929485
1995	10	4	73.87797441
1995	10	5	78.52770917
1995	10	6	86.34125011
1995	10	7	84.34423384
1995	10	8	83.35668796
1995	10	9	81.40341181
1995	10	10	78.52770917
1995	10	11	78.52770917
1995	10	12	75.71653476
1995	10	13	74.79371368
1995	10	14	74.79371368
1995	10	15	77.5835105
1995	10	16	86.34125011
1995	10	17	88.36764379
1995	10	18	83.35668796
1995	10	19	86.34125011
1995	10	20	86.34125011
1995	10	21	83.35668796
1995	10	22	78.52770917
1995	10	23	75.71653476
1995	10	24	73.87797441
1995	10	25	69.40473084
1995	10	26	69.40473084
1995	10	27	67.66423044
1995	10	28	66.80434767
1995	10	29	65.95134672
1995	10	30	65.10520521
1995	10	31	44.76946646
1995	11	1	28.46010369
1995	11	2	63.43341079
1995	11	3	62.60771292
1995	11	4	59.37239101
1995	11	5	60.97660323
1995	11	6	59.37239101
1995	11	7	59.37239101
1995	11	8	60.97660323
1995	11	9	63.43341079
1995	11	10	64.26590072
1995	11	11	60.97660323
1995	11	12	59.37239101
1995	11	13	60.97660323
1995	11	14	63.43341079
1995	11	15	59.37239101
1995	11	16	57.01610885
1995	11	17	55.47834618
1995	11	18	55.47834618
1995	11	19	55.47834618
1995	11	20	51.74842865
1995	11	21	53.22088361
1995	11	22	55.47834618
1995	11	23	56.24393351
1995	11	24	57.01610885
1995	11	25	57.01610885
1995	11	26	59.37239101
1995	11	27	60.97660323
1995	11	28	60.97660323
1995	11	29	59.37239101
1995	11	30	57.79489504
1995	12	1	57.79489504
1995	12	2	57.79489504
1995	12	3	57.79489504
1995	12	4	57.79489504
1995	12	5	59.37239101
1995	12	6	59.37239101
1995	12	7	60.97660323
1995	12	8	59.37239101
1995	12	9	59.37239101
1995	12	10	60.97660323
1995	12	11	59.37239101
1995	12	12	59.37239101
1995	12	13	60.97660323
1995	12	14	59.37239101
1995	12	15	59.37239101
1995	12	16	57.79489504
1995	12	17	59.37239101
1995	12	18	57.01610885
1995	12	19	57.01610885
1995	12	20	57.01610885
1995	12	21	57.79489504
1995	12	22	57.79489504
1995	12	23	59.37239101
1995	12	24	59.37239101
1995	12	25	59.37239101
1995	12	26	59.37239101
1995	12	27	59.37239101
1995	12	28	57.79489504
1995	12	29	57.79489504
1995	12	30	59.37239101
1995	12	31	59.37239101
