1986	1	1	185.7926345
1986	1	2	273.9503094
1986	1	3	175.0544161
1986	1	4	246.3436875
1986	1	5	168.8206233
1986	1	6	220.7117927
1986	1	7	220.7117927
1986	1	8	196.9750464
1986	1	9	220.7117927
1986	1	10	220.7117927
1986	1	11	196.9750464
1986	1	12	175.0544161
1986	1	13	220.7117927
1986	1	14	208.6114785
1986	1	15	196.9750464
1986	1	16	196.9750464
1986	1	17	196.9750464
1986	1	18	196.9750464
1986	1	19	185.7926345
1986	1	20	185.7926345
1986	1	21	208.6114785
1986	1	22	175.0544161
1986	1	23	196.9750464
1986	1	24	196.9750464
1986	1	25	196.9750464
1986	1	26	220.7117927
1986	1	27	220.7117927
1986	1	28	185.7926345
1986	1	29	196.9750464
1986	1	30	208.6114785
1986	1	31	196.9750464
1986	2	1	494.1147956
1986	2	2	185.7926345
1986	2	3	624.6556994
1986	2	4	444.4260073
1986	2	5	650.2213295
1986	2	6	424.7772878
1986	2	7	614.6258735
1986	2	8	507.1079494
1986	2	9	676.4969512
1986	2	10	485.5809594
1986	2	11	650.2213295
1986	2	12	485.5809594
1986	2	13	624.6556994
1986	2	14	417.0878842
1986	2	15	561.4319546
1986	2	16	507.1079494
1986	2	17	660.6457857
1986	2	18	575.6121087
1986	2	19	413.2792987
1986	2	20	552.1130617
1986	2	21	485.5809594
1986	2	22	639.9104717
1986	2	23	464.690443
1986	2	24	629.7125344
1986	2	25	507.1079494
1986	2	26	660.6457857
1986	2	27	542.9010196
1986	2	28	575.6121087
1986	3	1	424.7772878
1986	3	2	436.493213
1986	3	3	529.281834
1986	3	4	485.5809594
1986	3	5	650.2213295
1986	3	6	464.690443
1986	3	7	639.9104717
1986	3	8	452.4573159
1986	3	9	655.4193154
1986	3	10	436.493213
1986	3	11	599.7894779
1986	3	12	477.1489586
1986	3	13	660.6457857
1986	3	14	511.4906408
1986	3	15	619.6268406
1986	3	16	424.7772878
1986	3	17	599.7894779
1986	3	18	511.4906408
1986	3	19	660.6457857
1986	3	20	464.690443
1986	3	21	655.4193154
1986	3	22	424.7772878
1986	3	23	566.13168
1986	3	24	511.4906408
1986	3	25	650.2213295
1986	3	26	477.1489586
1986	3	27	609.6527136
1986	3	28	452.4573159
1986	3	29	634.7974303
1986	3	30	477.1489586
1986	3	31	650.2213295
1986	4	1	213.3953849
1986	4	2	213.3953849
1986	4	3	203.9017928
1986	4	4	203.9017928
1986	4	5	213.3953849
1986	4	6	246.3436875
1986	4	7	285.5638089
1986	4	8	285.5638089
1986	4	9	285.5638089
1986	4	10	285.5638089
1986	4	11	285.5638089
1986	4	12	285.5638089
1986	4	13	285.5638089
1986	4	14	285.5638089
1986	4	15	294.4927853
1986	4	16	285.5638089
1986	4	17	285.5638089
1986	4	18	285.5638089
1986	4	19	291.4954556
1986	4	20	285.5638089
1986	4	21	285.5638089
1986	4	22	285.5638089
1986	4	23	285.5638089
1986	4	24	285.5638089
1986	4	25	285.5638089
1986	4	26	285.5638089
1986	4	27	285.5638089
1986	4	28	285.5638089
1986	4	29	285.5638089
1986	4	30	285.5638089
1986	5	1	1.201852775
1986	5	2	1.201852775
1986	5	3	1.201852775
1986	5	4	1.201852775
1986	5	5	1.201852775
1986	5	6	1.201852775
1986	5	7	1.201852775
1986	5	8	1.201852775
1986	5	9	1.201852775
1986	5	10	1.201852775
1986	5	11	1.201852775
1986	5	12	1.201852775
1986	5	13	1.201852775
1986	5	14	1.201852775
1986	5	15	1.201852775
1986	5	16	1.201852775
1986	5	17	1.201852775
1986	5	18	1.201852775
1986	5	19	1.201852775
1986	5	20	1.201852775
1986	5	21	1.201852775
1986	5	22	1.201852775
1986	5	23	254.4146929
1986	5	24	235.8584308
1986	5	25	230.7326885
1986	5	26	223.1883917
1986	5	27	213.3953849
1986	5	28	225.684021
1986	5	29	228.1987601
1986	5	30	233.2858855
1986	5	31	233.2858855
1986	6	1	223.1883917
1986	6	2	238.4504039
1986	6	3	233.2858855
1986	6	4	238.4504039
1986	6	5	251.7044777
1986	6	6	228.1987601
1986	6	7	203.9017928
1986	6	8	238.4504039
1986	6	9	268.2671691
1986	6	10	265.4562201
1986	6	11	262.6655781
1986	6	12	218.2541447
1986	6	13	218.2541447
1986	6	14	196.9750464
1986	6	15	228.1987601
1986	6	16	251.7044777
1986	6	17	246.3436875
1986	6	18	201.5745853
1986	6	19	213.3953849
1986	6	20	215.8153686
1986	6	21	246.3436875
1986	6	22	246.3436875
1986	6	23	246.3436875
1986	6	24	235.8584308
1986	6	25	372.9486136
1986	6	26	405.7339483
1986	6	27	262.6655781
1986	6	28	390.928223
1986	6	29	394.5942381
1986	6	30	369.4222107
1986	7	1	265.4562201
1986	7	2	203.9017928
1986	7	3	309.7977269
1986	7	4	309.7977269
1986	7	5	325.6405732
1986	7	6	390.928223
1986	7	7	342.0314629
1986	7	8	279.7156415
1986	7	9	156.8137602
1986	7	10	136.3482006
1986	7	11	156.8137602
1986	7	12	257.1448946
1986	7	13	243.6929525
1986	7	14	181.444593
1986	7	15	147.2673106
1986	7	16	143.5632828
1986	7	17	398.2838091
1986	7	18	511.4906408
1986	7	19	1529.322782
1986	7	20	1316.455471
1986	7	21	575.6121087
1986	7	22	556.7591099
1986	7	23	742.5187453
1986	7	24	939.9917722
1986	7	25	894.0401841
1986	7	26	681.8382076
1986	7	27	533.7951572
1986	7	28	452.4573159
1986	7	29	276.8226613
1986	7	30	409.4946809
1986	7	31	485.5809594
1986	8	1	285.5638089
1986	8	2	160.7485199
1986	8	3	151.036487
1986	8	4	246.3436875
1986	8	5	208.6114785
1986	8	6	394.5942381
1986	8	7	452.4573159
1986	8	8	477.1489586
1986	8	9	409.4946809
1986	8	10	383.6665323
1986	8	11	424.7772878
1986	8	12	566.13168
1986	8	13	742.5187453
1986	8	14	1132.463916
1986	8	15	520.3339847
1986	8	16	498.4201103
1986	8	17	477.1489586
1986	8	18	660.6457857
1986	8	19	590.0364582
1986	8	20	634.7974303
1986	8	21	692.6075323
1986	8	22	624.6556994
1986	8	23	319.238238
1986	8	24	319.238238
1986	8	25	243.6929525
1986	8	26	424.7772878
1986	8	27	436.493213
1986	8	28	765.473819
1986	8	29	614.6258735
1986	8	30	328.8745827
1986	8	31	220.7117927
1986	9	1	206.2473976
1986	9	2	325.6405732
1986	9	3	533.7951572
1986	9	4	342.0314629
1986	9	5	282.6293305
1986	9	6	181.444593
1986	9	7	194.7025573
1986	9	8	175.0544161
1986	9	9	201.5745853
1986	9	10	376.4980802
1986	9	11	288.519157
1986	9	12	235.8584308
1986	9	13	151.036487
1986	9	14	154.8714313
1986	9	15	149.1437165
1986	9	16	109.9706231
1986	9	17	108.4493667
1986	9	18	106.9426347
1986	9	19	113.0570127
1986	9	20	151.036487
1986	9	21	288.519157
1986	9	22	325.6405732
1986	9	23	218.2541447
1986	9	24	154.8714313
1986	9	25	154.8714313
1986	9	26	147.2673106
1986	9	27	124.328077
1986	9	28	183.6097692
1986	9	29	134.5841829
1986	9	30	179.2970277
1986	10	1	151.036487
1986	10	2	175.0544161
1986	10	3	185.7926345
1986	10	4	122.6726765
1986	10	5	145.4071918
1986	10	6	116.2024117
1986	10	7	99.62418547
1986	10	8	101.0594329
1986	10	9	101.0594329
1986	10	10	111.5064798
1986	10	11	166.7770798
1986	10	12	187.9932674
1986	10	13	136.3482006
1986	10	14	138.1280424
1986	10	15	147.2673106
1986	10	16	119.4074295
1986	10	17	121.0324862
1986	10	18	138.1280424
1986	10	19	106.9426347
1986	10	20	105.450351
1986	10	21	119.4074295
1986	10	22	203.9017928
1986	10	23	166.7770798
1986	10	24	132.8359123
1986	10	25	143.5632828
1986	10	26	117.7974301
1986	10	27	154.8714313
1986	10	28	113.0570127
1986	10	29	94.02314149
1986	10	30	121.0324862
1986	10	31	129.386305
1986	11	1	116.2024117
1986	11	2	95.40256147
1986	11	3	87.33106552
1986	11	4	119.4074295
1986	11	5	96.79582522
1986	11	6	83.47713749
1986	11	7	94.02314149
1986	11	8	94.02314149
1986	11	9	127.6848146
1986	11	10	1.201852775
1986	11	11	1.201852775
1986	11	12	1.201852775
1986	11	13	1.201852775
1986	11	14	1.201852775
1986	11	15	1.201852775
1986	11	16	1.201852775
1986	11	17	1.201852775
1986	11	18	1.201852775
1986	11	19	1.201852775
1986	11	20	86.03312956
1986	11	21	111.5064798
1986	11	22	87.33106552
1986	11	23	109.9706231
1986	11	24	94.02314149
1986	11	25	105.450351
1986	11	26	98.20300808
1986	11	27	108.4493667
1986	11	28	102.5088259
1986	11	29	98.20300808
1986	11	30	99.62418547
1986	12	1	131.1033119
1986	12	2	127.6848146
1986	12	3	119.4074295
1986	12	4	127.6848146
1986	12	5	116.2024117
1986	12	6	111.5064798
1986	12	7	117.7974301
1986	12	8	124.328077
1986	12	9	127.6848146
1986	12	10	119.4074295
1986	12	11	116.2024117
1986	12	12	111.5064798
1986	12	13	111.5064798
1986	12	14	111.5064798
1986	12	15	103.97244
1986	12	16	108.4493667
1986	12	17	108.4493667
1986	12	18	111.5064798
1986	12	19	111.5064798
1986	12	20	119.4074295
1986	12	21	127.6848146
1986	12	22	127.6848146
1986	12	23	119.4074295
1986	12	24	111.5064798
1986	12	25	103.97244
1986	12	26	103.97244
1986	12	27	111.5064798
1986	12	28	111.5064798
1986	12	29	119.4074295
1986	12	30	119.4074295
1986	12	31	111.5064798
1987	1	1	111.5064798
1987	1	2	119.4074295
1987	1	3	119.4074295
1987	1	4	111.5064798
1987	1	5	111.5064798
1987	1	6	116.2024117
1987	1	7	119.4074295
1987	1	8	119.4074295
1987	1	9	111.5064798
1987	1	10	108.4493667
1987	1	11	108.4493667
1987	1	12	111.5064798
1987	1	13	111.5064798
1987	1	14	119.4074295
1987	1	15	119.4074295
1987	1	16	111.5064798
1987	1	17	111.5064798
1987	1	18	119.4074295
1987	1	19	127.6848146
1987	1	20	119.4074295
1987	1	21	111.5064798
1987	1	22	108.4493667
1987	1	23	111.5064798
1987	1	24	103.97244
1987	1	25	103.97244
1987	1	26	111.5064798
1987	1	27	111.5064798
1987	1	28	103.97244
1987	1	29	103.97244
1987	1	30	111.5064798
1987	1	31	103.97244
1987	2	1	405.7339483
1987	2	2	424.7772878
1987	2	3	405.7339483
1987	2	4	387.2856818
1987	2	5	387.2856818
1987	2	6	394.5942381
1987	2	7	387.2856818
1987	2	8	405.7339483
1987	2	9	405.7339483
1987	2	10	405.7339483
1987	2	11	529.281834
1987	2	12	529.281834
1987	2	13	507.1079494
1987	2	14	529.281834
1987	2	15	515.8992914
1987	2	16	507.1079494
1987	2	17	464.690443
1987	2	18	436.493213
1987	2	19	424.7772878
1987	2	20	424.7772878
1987	2	21	394.5942381
1987	2	22	387.2856818
1987	2	23	369.4222107
1987	2	24	352.1332867
1987	2	25	369.4222107
1987	2	26	387.2856818
1987	2	27	369.4222107
1987	2	28	369.4222107
1987	3	1	127.6848146
1987	3	2	131.1033119
1987	3	3	127.6848146
1987	3	4	127.6848146
1987	3	5	131.1033119
1987	3	6	131.1033119
1987	3	7	127.6848146
1987	3	8	124.328077
1987	3	9	116.2024117
1987	3	10	111.5064798
1987	3	11	119.4074295
1987	3	12	124.328077
1987	3	13	119.4074295
1987	3	14	127.6848146
1987	3	15	127.6848146
1987	3	16	154.8714313
1987	3	17	170.8813084
1987	3	18	154.8714313
1987	3	19	154.8714313
1987	3	20	162.741106
1987	3	21	162.741106
1987	3	22	166.7770798
1987	3	23	181.444593
1987	3	24	194.7025573
1987	3	25	208.6114785
1987	3	26	203.9017928
1987	3	27	199.2656961
1987	3	28	194.7025573
1987	3	29	194.7025573
1987	3	30	181.444593
1987	3	31	181.444593
1987	4	1	145.4071918
1987	4	2	145.4071918
1987	4	3	145.4071918
1987	4	4	143.5632828
1987	4	5	138.1280424
1987	4	6	138.1280424
1987	4	7	139.9237853
1987	4	8	139.9237853
1987	4	9	131.1033119
1987	4	10	158.7727639
1987	4	11	168.8206233
1987	4	12	166.7770798
1987	4	13	145.4071918
1987	4	14	141.7355064
1987	4	15	151.036487
1987	4	16	190.2117465
1987	4	17	201.5745853
1987	4	18	192.4481503
1987	4	19	282.6293305
1987	4	20	199.2656961
1987	4	21	208.6114785
1987	4	22	223.1883917
1987	4	23	220.7117927
1987	4	24	175.0544161
1987	4	25	196.9750464
1987	4	26	233.2858855
1987	4	27	154.8714313
1987	4	28	154.8714313
1987	4	29	154.8714313
1987	4	30	154.8714313
1987	5	1	175.0544161
1987	5	2	208.6114785
1987	5	3	220.7117927
1987	5	4	208.6114785
1987	5	5	208.6114785
1987	5	6	208.6114785
1987	5	7	220.7117927
1987	5	8	208.6114785
1987	5	9	208.6114785
1987	5	10	175.0544161
1987	5	11	164.7506
1987	5	12	185.7926345
1987	5	13	145.4071918
1987	5	14	175.0544161
1987	5	15	164.7506
1987	5	16	196.9750464
1987	5	17	164.7506
1987	5	18	164.7506
1987	5	19	246.3436875
1987	5	20	246.3436875
1987	5	21	136.3482006
1987	5	22	145.4071918
1987	5	23	185.7926345
1987	5	24	208.6114785
1987	5	25	196.9750464
1987	5	26	273.9503094
1987	5	27	246.3436875
1987	5	28	208.6114785
1987	5	29	220.7117927
1987	5	30	185.7926345
1987	5	31	208.6114785
1987	6	1	233.2858855
1987	6	2	259.895163
1987	6	3	246.3436875
1987	6	4	246.3436875
1987	6	5	246.3436875
1987	6	6	288.519157
1987	6	7	220.7117927
1987	6	8	818.8971354
1987	6	9	731.2206299
1987	6	10	624.6556994
1987	6	11	529.281834
1987	6	12	464.690443
1987	6	13	485.5809594
1987	6	14	485.5809594
1987	6	15	599.7894779
1987	6	16	273.9503094
1987	6	17	276.8226613
1987	6	18	246.3436875
1987	6	19	246.3436875
1987	6	20	259.895163
1987	6	21	319.238238
1987	6	22	335.4086917
1987	6	23	288.519157
1987	6	24	273.9503094
1987	6	25	273.9503094
1987	6	26	288.519157
1987	6	27	288.519157
1987	6	28	303.6117684
1987	6	29	273.9503094
1987	6	30	246.3436875
1987	7	1	306.6940301
1987	7	2	352.1332867
1987	7	3	303.6117684
1987	7	4	220.7117927
1987	7	5	51.12597496
1987	7	6	220.7117927
1987	7	7	175.0544161
1987	7	8	185.7926345
1987	7	9	136.3482006
1987	7	10	196.9750464
1987	7	11	145.4071918
1987	7	12	154.8714313
1987	7	13	187.9932674
1987	7	14	138.1280424
1987	7	15	164.7506
1987	7	16	736.8548071
1987	7	17	650.2213295
1987	7	18	288.519157
1987	7	19	129.386305
1987	7	20	89.96719164
1987	7	21	405.7339483
1987	7	22	3485.195746
1987	7	23	3060.596162
1987	7	24	1250.294164
1987	7	25	887.6043456
1987	7	26	1367.627277
1987	7	27	2912.818348
1987	7	28	2784.077974
1987	7	29	1693.664185
1987	7	30	980.6491866
1987	7	31	580.3929802
1987	8	1	624.6556994
1987	8	2	731.2206299
1987	8	3	1333.363862
1987	8	4	2912.818348
1987	8	5	3000.881608
1987	8	6	1420.149631
1987	8	7	1376.286697
1987	8	8	1754.448605
1987	8	9	1250.294164
1987	8	10	980.6491866
1987	8	11	736.8548071
1987	8	12	708.979825
1987	8	13	650.2213295
1987	8	14	655.4193154
1987	8	15	676.4969512
1987	8	16	1094.949633
1987	8	17	1170.852112
1987	8	18	765.473819
1987	8	19	759.6899815
1987	8	20	818.8971354
1987	8	21	1170.852112
1987	8	22	855.9020623
1987	8	23	703.4931731
1987	8	24	604.7072766
1987	8	25	639.9104717
1987	8	26	639.9104717
1987	8	27	604.7072766
1987	8	28	887.6043456
1987	8	29	1744.215439
1987	8	30	2578.289072
1987	8	31	4337.078169
1987	9	1	2512.086493
1987	9	2	1605.224813
1987	9	3	1242.188171
1987	9	4	980.6491866
1987	9	5	1202.19926
1987	9	6	788.9119132
1987	9	7	771.2878453
1987	9	8	736.8548071
1987	9	9	629.7125344
1987	9	10	556.7591099
1987	9	11	624.6556994
1987	9	12	552.1130617
1987	9	13	424.7772878
1987	9	14	424.7772878
1987	9	15	387.2856818
1987	9	16	369.4222107
1987	9	17	352.1332867
1987	9	18	262.6655781
1987	9	19	273.9503094
1987	9	20	233.2858855
1987	9	21	145.4071918
1987	9	22	145.4071918
1987	9	23	164.7506
1987	9	24	136.3482006
1987	9	25	96.79582522
1987	9	26	220.7117927
1987	9	27	259.895163
1987	9	28	154.8714313
1987	9	29	154.8714313
1987	9	30	220.7117927
1987	10	1	175.0544161
1987	10	2	196.9750464
1987	10	3	185.7926345
1987	10	4	145.4071918
1987	10	5	127.6848146
1987	10	6	154.8714313
1987	10	7	119.4074295
1987	10	8	119.4074295
1987	10	9	103.97244
1987	10	10	208.6114785
1987	10	11	136.3482006
1987	10	12	119.4074295
1987	10	13	127.6848146
1987	10	14	111.5064798
1987	10	15	111.5064798
1987	10	16	96.79582522
1987	10	17	89.96719164
1987	10	18	89.96719164
1987	10	19	77.31630378
1987	10	20	89.96719164
1987	10	21	89.96719164
1987	10	22	89.96719164
1987	10	23	111.5064798
1987	10	24	111.5064798
1987	10	25	111.5064798
1987	10	26	111.5064798
1987	10	27	111.5064798
1987	10	28	91.30553175
1987	10	29	105.450351
1987	10	30	108.4493667
1987	10	31	96.79582522
1987	11	1	92.65748999
1987	11	2	78.52258066
1987	11	3	69.22649874
1987	11	4	68.1205136
1987	11	5	69.22649874
1987	11	6	69.22649874
1987	11	7	68.1205136
1987	11	8	65.94508031
1987	11	9	65.94508031
1987	11	10	67.02673203
1987	11	11	67.02673203
1987	11	12	65.94508031
1987	11	13	67.02673203
1987	11	14	73.77395229
1987	11	15	76.12282295
1987	11	16	72.61841405
1987	11	17	369.4222107
1987	11	18	369.4222107
1987	11	19	365.9187895
1987	11	20	362.4382683
1987	11	21	365.9187895
1987	11	22	369.4222107
1987	11	23	362.4382683
1987	11	24	369.4222107
1987	11	25	369.4222107
1987	11	26	369.4222107
1987	11	27	352.1332867
1987	11	28	362.4382683
1987	11	29	362.4382683
1987	11	30	369.4222107
1987	12	1	369.4222107
1987	12	2	352.1332867
1987	12	3	352.1332867
1987	12	4	352.1332867
1987	12	5	369.4222107
1987	12	6	369.4222107
1987	12	7	362.4382683
1987	12	8	362.4382683
1987	12	9	352.1332867
1987	12	10	352.1332867
1987	12	11	362.4382683
1987	12	12	352.1332867
1987	12	13	352.1332867
1987	12	14	362.4382683
1987	12	15	369.4222107
1987	12	16	369.4222107
1987	12	17	352.1332867
1987	12	18	1.201852775
1987	12	19	1.201852775
1987	12	20	1.201852775
1987	12	21	1.201852775
1987	12	22	1.201852775
1987	12	23	1.201852775
1987	12	24	1.201852775
1987	12	25	1.201852775
1987	12	26	1.201852775
1987	12	27	1.201852775
1987	12	28	1.201852775
1987	12	29	1.201852775
1987	12	30	1.201852775
1987	12	31	1.201852775
1988	1	1	352.1332867
1988	1	2	352.1332867
1988	1	3	352.1332867
1988	1	4	362.4382683
1988	1	5	362.4382683
1988	1	6	362.4382683
1988	1	7	369.4222107
1988	1	8	369.4222107
1988	1	9	352.1332867
1988	1	10	335.4086917
1988	1	11	335.4086917
1988	1	12	335.4086917
1988	1	13	345.3763004
1988	1	14	352.1332867
1988	1	15	352.1332867
1988	1	16	345.3763004
1988	1	17	345.3763004
1988	1	18	342.0314629
1988	1	19	342.0314629
1988	1	20	345.3763004
1988	1	21	352.1332867
1988	1	22	352.1332867
1988	1	23	352.1332867
1988	1	24	362.4382683
1988	1	25	352.1332867
1988	1	26	358.9805652
1988	1	27	352.1332867
1988	1	28	352.1332867
1988	1	29	352.1332867
1988	1	30	345.3763004
1988	1	31	352.1332867
1988	2	1	111.5064798
1988	2	2	116.2024117
1988	2	3	113.0570127
1988	2	4	119.4074295
1988	2	5	116.2024117
1988	2	6	116.2024117
1988	2	7	116.2024117
1988	2	8	111.5064798
1988	2	9	111.5064798
1988	2	10	111.5064798
1988	2	11	111.5064798
1988	2	12	111.5064798
1988	2	13	113.0570127
1988	2	14	113.0570127
1988	2	15	111.5064798
1988	2	16	111.5064798
1988	2	17	109.9706231
1988	2	18	109.9706231
1988	2	19	109.9706231
1988	2	20	109.9706231
1988	2	21	111.5064798
1988	2	22	111.5064798
1988	2	23	111.5064798
1988	2	24	111.5064798
1988	2	25	111.5064798
1988	2	26	111.5064798
1988	2	27	111.5064798
1988	2	28	111.5064798
1988	2	29	111.5064798
1988	3	1	86.03312956
1988	3	2	86.03312956
1988	3	3	86.03312956
1988	3	4	86.03312956
1988	3	5	86.03312956
1988	3	6	84.74851182
1988	3	7	84.74851182
1988	3	8	84.74851182
1988	3	9	84.74851182
1988	3	10	84.74851182
1988	3	11	84.74851182
1988	3	12	87.33106552
1988	3	13	80.9738202
1988	3	14	77.31630378
1988	3	15	79.74172798
1988	3	16	79.74172798
1988	3	17	79.74172798
1988	3	18	175.0544161
1988	3	19	312.9229398
1988	3	20	294.4927853
1988	3	21	285.5638089
1988	3	22	294.4927853
1988	3	23	309.7977269
1988	3	24	309.7977269
1988	3	25	91.30553175
1988	3	26	119.4074295
1988	3	27	138.1280424
1988	3	28	86.03312956
1988	3	29	70.34476127
1988	3	30	71.47537505
1988	3	31	73.77395229
1988	4	1	72.61841405
1988	4	2	102.5088259
1988	4	3	92.65748999
1988	4	4	94.02314149
1988	4	5	78.52258066
1988	4	6	86.03312956
1988	4	7	92.65748999
1988	4	8	84.74851182
1988	4	9	84.74851182
1988	4	10	78.52258066
1988	4	11	82.21893184
1988	4	12	103.97244
1988	4	13	111.5064798
1988	4	14	86.03312956
1988	4	15	101.0594329
1988	4	16	95.40256147
1988	4	17	96.79582522
1988	4	18	102.5088259
1988	4	19	101.0594329
1988	4	20	95.40256147
1988	4	21	96.79582522
1988	4	22	96.79582522
1988	4	23	95.40256147
1988	4	24	101.0594329
1988	4	25	96.79582522
1988	4	26	95.40256147
1988	4	27	96.79582522
1988	4	28	98.20300808
1988	4	29	96.79582522
1988	4	30	99.62418547
1988	5	1	105.450351
1988	5	2	113.0570127
1988	5	3	117.7974301
1988	5	4	125.9987642
1988	5	5	114.6222979
1988	5	6	106.9426347
1988	5	7	101.0594329
1988	5	8	99.62418547
1988	5	9	124.328077
1988	5	10	102.5088259
1988	5	11	99.62418547
1988	5	12	101.0594329
1988	5	13	99.62418547
1988	5	14	111.5064798
1988	5	15	108.4493667
1988	5	16	80.9738202
1988	5	17	77.31630378
1988	5	18	78.52258066
1988	5	19	79.74172798
1988	5	20	80.9738202
1988	5	21	103.97244
1988	5	22	89.96719164
1988	5	23	80.9738202
1988	5	24	84.74851182
1988	5	25	94.02314149
1988	5	26	99.62418547
1988	5	27	94.02314149
1988	5	28	84.74851182
1988	5	29	88.64239456
1988	5	30	94.02314149
1988	5	31	94.02314149
1988	6	1	117.7974301
1988	6	2	121.0324862
1988	6	3	131.1033119
1988	6	4	114.6222979
1988	6	5	129.386305
1988	6	6	102.5088259
1988	6	7	99.62418547
1988	6	8	105.450351
1988	6	9	265.4562201
1988	6	10	220.7117927
1988	6	11	345.3763004
1988	6	12	590.0364582
1988	6	13	2498.987662
1988	6	14	1538.672685
1988	6	15	874.8283095
1988	6	16	671.1845187
1988	6	17	561.4319546
1988	6	18	538.3348579
1988	6	19	2645.680813
1988	6	20	3824.63828
1988	6	21	2498.987662
1988	6	22	2941.972618
1988	6	23	1644.128975
1988	6	24	783.0068067
1988	6	25	687.208373
1988	6	26	645.0517432
1988	6	27	634.7974303
1988	6	28	599.7894779
1988	6	29	566.13168
1988	6	30	529.281834
1988	7	1	515.8992914
1988	7	2	561.4319546
1988	7	3	561.4319546
1988	7	4	547.4937263
1988	7	5	529.281834
1988	7	6	580.3929802
1988	7	7	590.0364582
1988	7	8	538.3348579
1988	7	9	533.7951572
1988	7	10	273.9503094
1988	7	11	160.7485199
1988	7	12	131.1033119
1988	7	13	121.0324862
1988	7	14	77.31630378
1988	7	15	71.47537505
1988	7	16	166.7770798
1988	7	17	183.6097692
1988	7	18	127.6848146
1988	7	19	145.4071918
1988	7	20	143.5632828
1988	7	21	156.8137602
1988	7	22	190.2117465
1988	7	23	170.8813084
1988	7	24	160.7485199
1988	7	25	141.7355064
1988	7	26	138.1280424
1988	7	27	138.1280424
1988	7	28	127.6848146
1988	7	29	89.96719164
1988	7	30	76.12282295
1988	7	31	76.12282295
1988	8	1	101.0594329
1988	8	2	87.33106552
1988	8	3	60.71619382
1988	8	4	77.31630378
1988	8	5	67.02673203
1988	8	6	64.87548476
1988	8	7	64.87548476
1988	8	8	63.81787182
1988	8	9	88.64239456
1988	8	10	132.8359123
1988	8	11	160.7485199
1988	8	12	199.2656961
1988	8	13	122.6726765
1988	8	14	138.1280424
1988	8	15	145.4071918
1988	8	16	141.7355064
1988	8	17	138.1280424
1988	8	18	136.3482006
1988	8	19	134.5841829
1988	8	20	134.5841829
1988	8	21	132.8359123
1988	8	22	132.8359123
1988	8	23	129.386305
1988	8	24	132.8359123
1988	8	25	132.8359123
1988	8	26	132.8359123
1988	8	27	132.8359123
1988	8	28	134.5841829
1988	8	29	136.3482006
1988	8	30	134.5841829
1988	8	31	131.1033119
1988	9	1	108.4493667
1988	9	2	91.30553175
1988	9	3	94.02314149
1988	9	4	89.96719164
1988	9	5	61.73829975
1988	9	6	56.7439284
1988	9	7	53.88464988
1988	9	8	53.88464988
1988	9	9	53.88464988
1988	9	10	62.77216796
1988	9	11	87.33106552
1988	9	12	79.74172798
1988	9	13	70.34476127
1988	9	14	68.1205136
1988	9	15	64.87548476
1988	9	16	64.87548476
1988	9	17	64.87548476
1988	9	18	63.81787182
1988	9	19	63.81787182
1988	9	20	63.81787182
1988	9	21	57.71971729
1988	9	22	55.77953613
1988	9	23	56.7439284
1988	9	24	63.81787182
1988	9	25	63.81787182
1988	9	26	62.77216796
1988	9	27	61.73829975
1988	9	28	65.94508031
1988	9	29	62.77216796
1988	9	30	56.7439284
1988	10	1	53.88464988
1988	10	2	61.73829975
1988	10	3	61.73829975
1988	10	4	64.87548476
1988	10	5	62.77216796
1988	10	6	61.73829975
1988	10	7	91.30553175
1988	10	8	63.81787182
1988	10	9	65.94508031
1988	10	10	71.47537505
1988	10	11	68.1205136
1988	10	12	65.94508031
1988	10	13	80.9738202
1988	10	14	70.34476127
1988	10	15	70.34476127
1988	10	16	68.1205136
1988	10	17	67.02673203
1988	10	18	82.21893184
1988	10	19	68.1205136
1988	10	20	60.71619382
1988	10	21	58.70697577
1988	10	22	63.81787182
1988	10	23	76.12282295
1988	10	24	79.74172798
1988	10	25	73.77395229
1988	10	26	82.21893184
1988	10	27	79.74172798
1988	10	28	83.47713749
1988	10	29	88.64239456
1988	10	30	76.12282295
1988	10	31	76.12282295
1988	11	1	78.52258066
1988	11	2	76.12282295
1988	11	3	86.03312956
1988	11	4	84.74851182
1988	11	5	79.74172798
1988	11	6	87.33106552
1988	11	7	87.33106552
1988	11	8	87.33106552
1988	11	9	87.33106552
1988	11	10	86.03312956
1988	11	11	88.64239456
1988	11	12	86.03312956
1988	11	13	87.33106552
1988	11	14	87.33106552
1988	11	15	84.74851182
1988	11	16	77.31630378
1988	11	17	77.31630378
1988	11	18	80.9738202
1988	11	19	79.74172798
1988	11	20	77.31630378
1988	11	21	1.201852775
1988	11	22	1.201852775
1988	11	23	1.201852775
1988	11	24	1.201852775
1988	11	25	1.201852775
1988	11	26	1.201852775
1988	11	27	1.201852775
1988	11	28	1.201852775
1988	11	29	1.201852775
1988	11	30	1.201852775
1988	12	1	1.201852775
1988	12	2	1.201852775
1988	12	3	1.201852775
1988	12	4	1.201852775
1988	12	5	1.201852775
1988	12	6	1.201852775
1988	12	7	1.201852775
1988	12	8	1.201852775
1988	12	9	1.201852775
1988	12	10	1.201852775
1988	12	11	1.201852775
1988	12	12	1.201852775
1988	12	13	1.201852775
1988	12	14	1.201852775
1988	12	15	1.201852775
1988	12	16	1.201852775
1988	12	17	1.201852775
1988	12	18	1.201852775
1988	12	19	1.201852775
1988	12	20	1.201852775
1988	12	21	1.201852775
1988	12	22	1.201852775
1988	12	23	1.201852775
1988	12	24	1.201852775
1988	12	25	1.201852775
1988	12	26	1.201852775
1988	12	27	1.201852775
1988	12	28	1.201852775
1988	12	29	1.201852775
1988	12	30	1.201852775
1988	12	31	-9999
1989	1	1	83.47713749
1989	1	2	83.47713749
1989	1	3	68.1205136
1989	1	4	70.34476127
1989	1	5	79.74172798
1989	1	6	78.52258066
1989	1	7	74.94206387
1989	1	8	79.74172798
1989	1	9	87.33106552
1989	1	10	79.74172798
1989	1	11	59.7057769
1989	1	12	77.31630378
1989	1	13	87.33106552
1989	1	14	74.94206387
1989	1	15	77.31630378
1989	1	16	83.47713749
1989	1	17	91.30553175
1989	1	18	87.33106552
1989	1	19	91.30553175
1989	1	20	92.65748999
1989	1	21	94.02314149
1989	1	22	89.96719164
1989	1	23	89.96719164
1989	1	24	87.33106552
1989	1	25	84.74851182
1989	1	26	86.03312956
1989	1	27	79.74172798
1989	1	28	79.74172798
1989	1	29	74.94206387
1989	1	30	74.94206387
1989	1	31	73.77395229
1989	2	1	72.61841405
1989	2	2	68.1205136
1989	2	3	74.94206387
1989	2	4	74.94206387
1989	2	5	77.31630378
1989	2	6	77.31630378
1989	2	7	83.47713749
1989	2	8	86.03312956
1989	2	9	82.21893184
1989	2	10	82.21893184
1989	2	11	79.74172798
1989	2	12	87.33106552
1989	2	13	89.96719164
1989	2	14	86.03312956
1989	2	15	87.33106552
1989	2	16	87.33106552
1989	2	17	87.33106552
1989	2	18	86.03312956
1989	2	19	84.74851182
1989	2	20	84.74851182
1989	2	21	80.9738202
1989	2	22	73.77395229
1989	2	23	68.1205136
1989	2	24	71.47537505
1989	2	25	83.47713749
1989	2	26	89.96719164
1989	2	27	88.64239456
1989	2	28	82.21893184
1989	3	1	87.33106552
1989	3	2	87.33106552
1989	3	3	82.21893184
1989	3	4	285.5638089
1989	3	5	185.7926345
1989	3	6	145.4071918
1989	3	7	111.5064798
1989	3	8	114.6222979
1989	3	9	89.96719164
1989	3	10	88.64239456
1989	3	11	92.65748999
1989	3	12	106.9426347
1989	3	13	109.9706231
1989	3	14	111.5064798
1989	3	15	111.5064798
1989	3	16	111.5064798
1989	3	17	113.0570127
1989	3	18	113.0570127
1989	3	19	108.4493667
1989	3	20	102.5088259
1989	3	21	103.97244
1989	3	22	103.97244
1989	3	23	101.0594329
1989	3	24	103.97244
1989	3	25	103.97244
1989	3	26	114.6222979
1989	3	27	108.4493667
1989	3	28	116.2024117
1989	3	29	116.2024117
1989	3	30	109.9706231
1989	3	31	117.7974301
1989	4	1	127.6848146
1989	4	2	105.450351
1989	4	3	113.0570127
1989	4	4	131.1033119
1989	4	5	98.20300808
1989	4	6	96.79582522
1989	4	7	122.6726765
1989	4	8	122.6726765
1989	4	9	91.30553175
1989	4	10	88.64239456
1989	4	11	111.5064798
1989	4	12	119.4074295
1989	4	13	125.9987642
1989	4	14	103.97244
1989	4	15	95.40256147
1989	4	16	109.9706231
1989	4	17	101.0594329
1989	4	18	101.0594329
1989	4	19	95.40256147
1989	4	20	92.65748999
1989	4	21	105.450351
1989	4	22	108.4493667
1989	4	23	102.5088259
1989	4	24	96.79582522
1989	4	25	111.5064798
1989	4	26	99.62418547
1989	4	27	111.5064798
1989	4	28	103.97244
1989	4	29	103.97244
1989	4	30	103.97244
1989	5	1	103.97244
1989	5	2	109.9706231
1989	5	3	106.9426347
1989	5	4	127.6848146
1989	5	5	47.60084937
1989	5	6	102.5088259
1989	5	7	101.0594329
1989	5	8	111.5064798
1989	5	9	116.2024117
1989	5	10	91.30553175
1989	5	11	94.02314149
1989	5	12	92.65748999
1989	5	13	92.65748999
1989	5	14	96.79582522
1989	5	15	92.65748999
1989	5	16	99.62418547
1989	5	17	96.79582522
1989	5	18	119.4074295
1989	5	19	105.450351
1989	5	20	99.62418547
1989	5	21	91.30553175
1989	5	22	91.30553175
1989	5	23	105.450351
1989	5	24	103.97244
1989	5	25	98.20300808
1989	5	26	109.9706231
1989	5	27	74.94206387
1989	5	28	95.40256147
1989	5	29	109.9706231
1989	5	30	129.386305
1989	5	31	136.3482006
1989	6	1	124.328077
1989	6	2	129.386305
1989	6	3	141.7355064
1989	6	4	134.5841829
1989	6	5	131.1033119
1989	6	6	164.7506
1989	6	7	138.1280424
1989	6	8	145.4071918
1989	6	9	170.8813084
1989	6	10	152.9456994
1989	6	11	143.5632828
1989	6	12	125.9987642
1989	6	13	129.386305
1989	6	14	132.8359123
1989	6	15	131.1033119
1989	6	16	152.9456994
1989	6	17	177.1669948
1989	6	18	158.7727639
1989	6	19	156.8137602
1989	6	20	162.741106
1989	6	21	206.2473976
1989	6	22	246.3436875
1989	6	23	199.2656961
1989	6	24	201.5745853
1989	6	25	168.8206233
1989	6	26	215.8153686
1989	6	27	183.6097692
1989	6	28	179.2970277
1989	6	29	162.741106
1989	6	30	177.1669948
1989	7	1	168.8206233
1989	7	2	139.9237853
1989	7	3	134.5841829
1989	7	4	149.1437165
1989	7	5	129.386305
1989	7	6	125.9987642
1989	7	7	111.5064798
1989	7	8	77.31630378
1989	7	9	96.79582522
1989	7	10	99.62418547
1989	7	11	101.0594329
1989	7	12	114.6222979
1989	7	13	136.3482006
1989	7	14	98.20300808
1989	7	15	98.20300808
1989	7	16	109.9706231
1989	7	17	138.1280424
1989	7	18	183.6097692
1989	7	19	122.6726765
1989	7	20	117.7974301
1989	7	21	166.7770798
1989	7	22	282.6293305
1989	7	23	448.4293059
1989	7	24	671.1845187
1989	7	25	460.5878015
1989	7	26	1420.149631
1989	7	27	1140.071291
1989	7	28	1827.238906
1989	7	29	1848.411101
1989	7	30	1058.29831
1989	7	31	599.7894779
1989	8	1	481.3522712
1989	8	2	460.5878015
1989	8	3	413.2792987
1989	8	4	489.8351064
1989	8	5	464.690443
1989	8	6	409.4946809
1989	8	7	380.0706925
1989	8	8	398.2838091
1989	8	9	387.2856818
1989	8	10	394.5942381
1989	8	11	306.6940301
1989	8	12	342.0314629
1989	8	13	282.6293305
1989	8	14	394.5942381
1989	8	15	306.6940301
1989	8	16	279.7156415
1989	8	17	276.8226613
1989	8	18	225.684021
1989	8	19	154.8714313
1989	8	20	152.9456994
1989	8	21	413.2792987
1989	8	22	345.3763004
1989	8	23	259.895163
1989	8	24	196.9750464
1989	8	25	122.6726765
1989	8	26	114.6222979
1989	8	27	143.5632828
1989	8	28	134.5841829
1989	8	29	109.9706231
1989	8	30	141.7355064
1989	8	31	164.7506
1989	9	1	139.9237853
1989	9	2	152.9456994
1989	9	3	132.8359123
1989	9	4	132.8359123
1989	9	5	136.3482006
1989	9	6	134.5841829
1989	9	7	132.8359123
1989	9	8	160.7485199
1989	9	9	149.1437165
1989	9	10	190.2117465
1989	9	11	156.8137602
1989	9	12	143.5632828
1989	9	13	122.6726765
1989	9	14	108.4493667
1989	9	15	1155.391262
1989	9	16	444.4260073
1989	9	17	494.1147956
1989	9	18	520.3339847
1989	9	19	812.8385128
1989	9	20	369.4222107
1989	9	21	319.238238
1989	9	22	246.3436875
1989	9	23	228.1987601
1989	9	24	201.5745853
1989	9	25	203.9017928
1989	9	26	223.1883917
1989	9	27	288.519157
1989	9	28	249.0141693
1989	9	29	246.3436875
1989	9	30	225.684021
1989	10	1	220.7117927
1989	10	2	162.741106
1989	10	3	199.2656961
1989	10	4	199.2656961
1989	10	5	225.684021
1989	10	6	215.8153686
1989	10	7	225.684021
1989	10	8	179.2970277
1989	10	9	124.328077
1989	10	10	116.2024117
1989	10	11	122.6726765
1989	10	12	141.7355064
1989	10	13	131.1033119
1989	10	14	134.5841829
1989	10	15	124.328077
1989	10	16	129.386305
1989	10	17	122.6726765
1989	10	18	124.328077
1989	10	19	124.328077
1989	10	20	117.7974301
1989	10	21	116.2024117
1989	10	22	121.0324862
1989	10	23	108.4493667
1989	10	24	121.0324862
1989	10	25	122.6726765
1989	10	26	122.6726765
1989	10	27	119.4074295
1989	10	28	117.7974301
1989	10	29	117.7974301
1989	10	30	106.9426347
1989	10	31	108.4493667
1989	11	1	111.5064798
1989	11	2	114.6222979
1989	11	3	113.0570127
1989	11	4	136.3482006
1989	11	5	139.9237853
1989	11	6	257.1448946
1989	11	7	262.6655781
1989	11	8	259.895163
1989	11	9	154.8714313
1989	11	10	131.1033119
1989	11	11	122.6726765
1989	11	12	117.7974301
1989	11	13	113.0570127
1989	11	14	145.4071918
1989	11	15	158.7727639
1989	11	16	147.2673106
1989	11	17	151.036487
1989	11	18	139.9237853
1989	11	19	134.5841829
1989	11	20	127.6848146
1989	11	21	145.4071918
1989	11	22	143.5632828
1989	11	23	125.9987642
1989	11	24	132.8359123
1989	11	25	134.5841829
1989	11	26	145.4071918
1989	11	27	141.7355064
1989	11	28	124.328077
1989	11	29	145.4071918
1989	11	30	143.5632828
1989	12	1	143.5632828
1989	12	2	143.5632828
1989	12	3	132.8359123
1989	12	4	147.2673106
1989	12	5	138.1280424
1989	12	6	136.3482006
1989	12	7	134.5841829
1989	12	8	122.6726765
1989	12	9	127.6848146
1989	12	10	154.8714313
1989	12	11	136.3482006
1989	12	12	136.3482006
1989	12	13	136.3482006
1989	12	14	139.9237853
1989	12	15	121.0324862
1989	12	16	127.6848146
1989	12	17	139.9237853
1989	12	18	139.9237853
1989	12	19	119.4074295
1989	12	20	116.2024117
1989	12	21	119.4074295
1989	12	22	122.6726765
1989	12	23	1.201852775
1989	12	24	1.201852775
1989	12	25	1.201852775
1989	12	26	1.201852775
1989	12	27	1.201852775
1989	12	28	1.201852775
1989	12	29	1.201852775
1989	12	30	1.201852775
1989	12	31	1.201852775
1990	1	1	114.6222979
1990	1	2	103.97244
1990	1	3	109.9706231
1990	1	4	122.6726765
1990	1	5	103.97244
1990	1	6	95.40256147
1990	1	7	101.0594329
1990	1	8	96.79582522
1990	1	9	122.6726765
1990	1	10	113.0570127
1990	1	11	116.2024117
1990	1	12	119.4074295
1990	1	13	103.97244
1990	1	14	103.97244
1990	1	15	106.9426347
1990	1	16	109.9706231
1990	1	17	111.5064798
1990	1	18	106.9426347
1990	1	19	106.9426347
1990	1	20	106.9426347
1990	1	21	109.9706231
1990	1	22	113.0570127
1990	1	23	109.9706231
1990	1	24	106.9426347
1990	1	25	102.5088259
1990	1	26	102.5088259
1990	1	27	101.0594329
1990	1	28	101.0594329
1990	1	29	103.97244
1990	1	30	103.97244
1990	1	31	106.9426347
1990	2	1	101.0594329
1990	2	2	101.0594329
1990	2	3	98.20300808
1990	2	4	98.20300808
1990	2	5	95.40256147
1990	2	6	95.40256147
1990	2	7	95.40256147
1990	2	8	95.40256147
1990	2	9	105.450351
1990	2	10	136.3482006
1990	2	11	158.7727639
1990	2	12	136.3482006
1990	2	13	136.3482006
1990	2	14	136.3482006
1990	2	15	145.4071918
1990	2	16	141.7355064
1990	2	17	129.386305
1990	2	18	121.0324862
1990	2	19	136.3482006
1990	2	20	156.8137602
1990	2	21	164.7506
1990	2	22	158.7727639
1990	2	23	170.8813084
1990	2	24	199.2656961
1990	2	25	175.0544161
1990	2	26	170.8813084
1990	2	27	164.7506
1990	2	28	158.7727639
1990	3	1	158.7727639
1990	3	2	158.7727639
1990	3	3	147.2673106
1990	3	4	147.2673106
1990	3	5	149.1437165
1990	3	6	158.7727639
1990	3	7	172.9592133
1990	3	8	168.8206233
1990	3	9	185.7926345
1990	3	10	185.7926345
1990	3	11	192.4481503
1990	3	12	185.7926345
1990	3	13	160.7485199
1990	3	14	166.7770798
1990	3	15	156.8137602
1990	3	16	162.741106
1990	3	17	162.741106
1990	3	18	164.7506
1990	3	19	164.7506
1990	3	20	166.7770798
1990	3	21	166.7770798
1990	3	22	162.741106
1990	3	23	164.7506
1990	3	24	162.741106
1990	3	25	187.9932674
1990	3	26	181.444593
1990	3	27	233.2858855
1990	3	28	190.2117465
1990	3	29	190.2117465
1990	3	30	215.8153686
1990	3	31	225.684021
1990	4	1	213.3953849
1990	4	2	213.3953849
1990	4	3	230.7326885
1990	4	4	225.684021
1990	4	5	215.8153686
1990	4	6	218.2541447
1990	4	7	203.9017928
1990	4	8	187.9932674
1990	4	9	208.6114785
1990	4	10	187.9932674
1990	4	11	168.8206233
1990	4	12	162.741106
1990	4	13	170.8813084
1990	4	14	177.1669948
1990	4	15	183.6097692
1990	4	16	170.8813084
1990	4	17	170.8813084
1990	4	18	166.7770798
1990	4	19	168.8206233
1990	4	20	179.2970277
1990	4	21	213.3953849
1990	4	22	208.6114785
1990	4	23	203.9017928
1990	4	24	218.2541447
1990	4	25	243.6929525
1990	4	26	218.2541447
1990	4	27	201.5745853
1990	4	28	235.8584308
1990	4	29	291.4954556
1990	4	30	225.684021
1990	5	1	206.2473976
1990	5	2	220.7117927
1990	5	3	249.0141693
1990	5	4	228.1987601
1990	5	5	271.0985055
1990	5	6	257.1448946
1990	5	7	265.4562201
1990	5	8	215.8153686
1990	5	9	257.1448946
1990	5	10	265.4562201
1990	5	11	187.9932674
1990	5	12	251.7044777
1990	5	13	249.0141693
1990	5	14	282.6293305
1990	5	15	233.2858855
1990	5	16	206.2473976
1990	5	17	199.2656961
1990	5	18	218.2541447
1990	5	19	230.7326885
1990	5	20	246.3436875
1990	5	21	215.8153686
1990	5	22	243.6929525
1990	5	23	238.4504039
1990	5	24	225.684021
1990	5	25	213.3953849
1990	5	26	215.8153686
1990	5	27	203.9017928
1990	5	28	223.1883917
1990	5	29	181.444593
1990	5	30	154.8714313
1990	5	31	160.7485199
1990	6	1	179.2970277
1990	6	2	220.7117927
1990	6	3	213.3953849
1990	6	4	225.684021
1990	6	5	225.684021
1990	6	6	215.8153686
1990	6	7	206.2473976
1990	6	8	192.4481503
1990	6	9	208.6114785
1990	6	10	213.3953849
1990	6	11	268.2671691
1990	6	12	203.9017928
1990	6	13	199.2656961
1990	6	14	196.9750464
1990	6	15	177.1669948
1990	6	16	206.2473976
1990	6	17	160.7485199
1990	6	18	215.8153686
1990	6	19	533.7951572
1990	6	20	777.132146
1990	6	21	1693.664185
1990	6	22	1051.070638
1990	6	23	634.7974303
1990	6	24	748.2125302
1990	6	25	1586.012093
1990	6	26	1557.4902
1990	6	27	862.1792188
1990	6	28	634.7974303
1990	6	29	566.13168
1990	6	30	542.9010196
1990	7	1	440.4473373
1990	7	2	440.4473373
1990	7	3	485.5809594
1990	7	4	498.4201103
1990	7	5	436.493213
1990	7	6	468.8181277
1990	7	7	472.9709385
1990	7	8	448.4293059
1990	7	9	444.4260073
1990	7	10	440.4473373
1990	7	11	398.2838091
1990	7	12	566.13168
1990	7	13	494.1147956
1990	7	14	645.0517432
1990	7	15	1274.830154
1990	7	16	1226.08466
1990	7	17	953.4129119
1990	7	18	1529.322782
1990	7	19	1043.87696
1990	7	20	806.8107652
1990	7	21	645.0517432
1990	7	22	524.7948044
1990	7	23	511.4906408
1990	7	24	533.7951572
1990	7	25	731.2206299
1990	7	26	671.1845187
1990	7	27	556.7591099
1990	7	28	472.9709385
1990	7	29	444.4260073
1990	7	30	401.9970184
1990	7	31	369.4222107
1990	8	1	294.4927853
1990	8	2	181.444593
1990	8	3	215.8153686
1990	8	4	230.7326885
1990	8	5	210.9941146
1990	8	6	228.1987601
1990	8	7	223.1883917
1990	8	8	199.2656961
1990	8	9	208.6114785
1990	8	10	196.9750464
1990	8	11	223.1883917
1990	8	12	145.4071918
1990	8	13	143.5632828
1990	8	14	136.3482006
1990	8	15	125.9987642
1990	8	16	114.6222979
1990	8	17	129.386305
1990	8	18	158.7727639
1990	8	19	139.9237853
1990	8	20	172.9592133
1990	8	21	372.9486136
1990	8	22	489.8351064
1990	8	23	271.0985055
1990	8	24	190.2117465
1990	8	25	152.9456994
1990	8	26	136.3482006
1990	8	27	151.036487
1990	8	28	149.1437165
1990	8	29	143.5632828
1990	8	30	151.036487
1990	8	31	190.2117465
1990	9	1	428.6582709
1990	9	2	440.4473373
1990	9	3	246.3436875
1990	9	4	183.6097692
1990	9	5	164.7506
1990	9	6	147.2673106
1990	9	7	164.7506
1990	9	8	181.444593
1990	9	9	312.9229398
1990	9	10	650.2213295
1990	9	11	9150.977682
1990	9	12	14195.5128
1990	9	13	4261.147169
1990	9	14	2162.789228
1990	9	15	1827.238906
1990	9	16	1446.923258
1990	9	17	1178.635586
1990	9	18	1124.891497
1990	9	19	580.3929802
1990	9	20	485.5809594
1990	9	21	390.928223
1990	9	22	452.4573159
1990	9	23	220.7117927
1990	9	24	316.0697498
1990	9	25	251.7044777
1990	9	26	181.444593
1990	9	27	199.2656961
1990	9	28	228.1987601
1990	9	29	203.9017928
1990	9	30	387.2856818
1990	10	1	257.1448946
1990	10	2	175.0544161
1990	10	3	154.8714313
1990	10	4	158.7727639
1990	10	5	154.8714313
1990	10	6	172.9592133
1990	10	7	225.684021
1990	10	8	152.9456994
1990	10	9	192.4481503
1990	10	10	113.0570127
1990	10	11	88.64239456
1990	10	12	147.2673106
1990	10	13	98.20300808
1990	10	14	98.20300808
1990	10	15	98.20300808
1990	10	16	101.0594329
1990	10	17	92.65748999
1990	10	18	92.65748999
1990	10	19	96.79582522
1990	10	20	99.62418547
1990	10	21	98.20300808
1990	10	22	96.79582522
1990	10	23	98.20300808
1990	10	24	102.5088259
1990	10	25	102.5088259
1990	10	26	105.450351
1990	10	27	103.97244
1990	10	28	103.97244
1990	10	29	102.5088259
1990	10	30	103.97244
1990	10	31	103.97244
1990	11	1	102.5088259
1990	11	2	102.5088259
1990	11	3	102.5088259
1990	11	4	102.5088259
1990	11	5	101.0594329
1990	11	6	105.450351
1990	11	7	109.9706231
1990	11	8	108.4493667
1990	11	9	106.9426347
1990	11	10	106.9426347
1990	11	11	101.0594329
1990	11	12	102.5088259
1990	11	13	102.5088259
1990	11	14	102.5088259
1990	11	15	103.97244
1990	11	16	102.5088259
1990	11	17	102.5088259
1990	11	18	99.62418547
1990	11	19	87.33106552
1990	11	20	108.4493667
1990	11	21	105.450351
1990	11	22	109.9706231
1990	11	23	106.9426347
1990	11	24	106.9426347
1990	11	25	106.9426347
1990	11	26	92.65748999
1990	11	27	106.9426347
1990	11	28	106.9426347
1990	11	29	83.47713749
1990	11	30	101.0594329
1990	12	1	84.74851182
1990	12	2	114.6222979
1990	12	3	101.0594329
1990	12	4	106.9426347
1990	12	5	106.9426347
1990	12	6	106.9426347
1990	12	7	109.9706231
1990	12	8	101.0594329
1990	12	9	98.20300808
1990	12	10	84.74851182
1990	12	11	101.0594329
1990	12	12	87.33106552
1990	12	13	92.65748999
1990	12	14	101.0594329
1990	12	15	103.97244
1990	12	16	17.74738906
1990	12	17	156.8137602
1990	12	18	139.9237853
1990	12	19	106.9426347
1990	12	20	103.97244
1990	12	21	106.9426347
1990	12	22	87.33106552
1990	12	23	99.62418547
1990	12	24	101.0594329
1990	12	25	102.5088259
1990	12	26	109.9706231
1990	12	27	119.4074295
1990	12	28	119.4074295
1990	12	29	156.8137602
1990	12	30	79.74172798
1990	12	31	1.201852775
1991	1	1	82.21893184
1991	1	2	88.64239456
1991	1	3	88.64239456
1991	1	4	105.450351
1991	1	5	103.97244
1991	1	6	103.97244
1991	1	7	103.97244
1991	1	8	103.97244
1991	1	9	94.02314149
1991	1	10	156.8137602
1991	1	11	151.036487
1991	1	12	151.036487
1991	1	13	132.8359123
1991	1	14	92.65748999
1991	1	15	87.33106552
1991	1	16	92.65748999
1991	1	17	151.036487
1991	1	18	122.6726765
1991	1	19	92.65748999
1991	1	20	88.64239456
1991	1	21	88.64239456
1991	1	22	88.64239456
1991	1	23	88.64239456
1991	1	24	88.64239456
1991	1	25	87.33106552
1991	1	26	106.9426347
1991	1	27	101.0594329
1991	1	28	101.0594329
1991	1	29	98.20300808
1991	1	30	99.62418547
1991	1	31	99.62418547
1991	2	1	99.62418547
1991	2	2	89.96719164
1991	2	3	91.30553175
1991	2	4	89.96719164
1991	2	5	92.65748999
1991	2	6	87.33106552
1991	2	7	89.96719164
1991	2	8	91.30553175
1991	2	9	89.96719164
1991	2	10	89.96719164
1991	2	11	89.96719164
1991	2	12	89.96719164
1991	2	13	102.5088259
1991	2	14	101.0594329
1991	2	15	101.0594329
1991	2	16	108.4493667
1991	2	17	105.450351
1991	2	18	103.97244
1991	2	19	139.9237853
1991	2	20	106.9426347
1991	2	21	103.97244
1991	2	22	98.20300808
1991	2	23	108.4493667
1991	2	24	106.9426347
1991	2	25	106.9426347
1991	2	26	122.6726765
1991	2	27	151.036487
1991	2	28	139.9237853
1991	3	1	129.386305
1991	3	2	99.62418547
1991	3	3	105.450351
1991	3	4	101.0594329
1991	3	5	101.0594329
1991	3	6	101.0594329
1991	3	7	99.62418547
1991	3	8	101.0594329
1991	3	9	101.0594329
1991	3	10	143.5632828
1991	3	11	106.9426347
1991	3	12	132.8359123
1991	3	13	132.8359123
1991	3	14	119.4074295
1991	3	15	122.6726765
1991	3	16	145.4071918
1991	3	17	122.6726765
1991	3	18	103.97244
1991	3	19	113.0570127
1991	3	20	111.5064798
1991	3	21	111.5064798
1991	3	22	122.6726765
1991	3	23	105.450351
1991	3	24	102.5088259
1991	3	25	99.62418547
1991	3	26	109.9706231
1991	3	27	134.5841829
1991	3	28	129.386305
1991	3	29	132.8359123
1991	3	30	125.9987642
1991	3	31	117.7974301
1991	4	1	124.328077
1991	4	2	158.7727639
1991	4	3	132.8359123
1991	4	4	125.9987642
1991	4	5	96.79582522
1991	4	6	129.386305
1991	4	7	91.30553175
1991	4	8	103.97244
1991	4	9	102.5088259
1991	4	10	89.96719164
1991	4	11	103.97244
1991	4	12	113.0570127
1991	4	13	108.4493667
1991	4	14	99.62418547
1991	4	15	121.0324862
1991	4	16	106.9426347
1991	4	17	111.5064798
1991	4	18	218.2541447
1991	4	19	265.4562201
1991	4	20	210.9941146
1991	4	21	187.9932674
1991	4	22	175.0544161
1991	4	23	228.1987601
1991	4	24	208.6114785
1991	4	25	199.2656961
1991	4	26	213.3953849
1991	4	27	183.6097692
1991	4	28	166.7770798
1991	4	29	194.7025573
1991	4	30	183.6097692
1991	5	1	149.1437165
1991	5	2	233.2858855
1991	5	3	230.7326885
1991	5	4	164.7506
1991	5	5	158.7727639
1991	5	6	246.3436875
1991	5	7	257.1448946
1991	5	8	241.0618846
1991	5	9	213.3953849
1991	5	10	213.3953849
1991	5	11	179.2970277
1991	5	12	143.5632828
1991	5	13	206.2473976
1991	5	14	177.1669948
1991	5	15	206.2473976
1991	5	16	194.7025573
1991	5	17	190.2117465
1991	5	18	109.9706231
1991	5	19	218.2541447
1991	5	20	84.74851182
1991	5	21	127.6848146
1991	5	22	147.2673106
1991	5	23	213.3953849
1991	5	24	125.9987642
1991	5	25	456.5101201
1991	5	26	355.5455986
1991	5	27	177.1669948
1991	5	28	201.5745853
1991	5	29	196.9750464
1991	5	30	181.444593
1991	5	31	196.9750464
1991	6	1	122.6726765
1991	6	2	215.8153686
1991	6	3	223.1883917
1991	6	4	246.3436875
1991	6	5	208.6114785
1991	6	6	238.4504039
1991	6	7	251.7044777
1991	6	8	124.328077
1991	6	9	300.5508609
1991	6	10	181.444593
1991	6	11	383.6665323
1991	6	12	348.7435478
1991	6	13	345.3763004
1991	6	14	319.238238
1991	6	15	338.7089538
1991	6	16	345.3763004
1991	6	17	306.6940301
1991	6	18	342.0314629
1991	6	19	352.1332867
1991	6	20	380.0706925
1991	6	21	335.4086917
1991	6	22	213.3953849
1991	6	23	319.238238
1991	6	24	271.0985055
1991	6	25	306.6940301
1991	6	26	268.2671691
1991	6	27	312.9229398
1991	6	28	297.5112269
1991	6	29	243.6929525
1991	6	30	238.4504039
1991	7	1	432.5635518
1991	7	2	213.3953849
1991	7	3	291.4954556
1991	7	4	215.8153686
1991	7	5	259.895163
1991	7	6	168.8206233
1991	7	7	235.8584308
1991	7	8	235.8584308
1991	7	9	203.9017928
1991	7	10	194.7025573
1991	7	11	185.7926345
1991	7	12	230.7326885
1991	7	13	162.741106
1991	7	14	166.7770798
1991	7	15	352.1332867
1991	7	16	511.4906408
1991	7	17	614.6258735
1991	7	18	472.9709385
1991	7	19	1022.499016
1991	7	20	933.3301481
1991	7	21	1202.19926
1991	7	22	874.8283095
1991	7	23	1087.550682
1991	7	24	2069.491296
1991	7	25	1816.715574
1991	7	26	887.6043456
1991	7	27	655.4193154
1991	7	28	671.1845187
1991	7	29	575.6121087
1991	7	30	552.1130617
1991	7	31	575.6121087
1991	8	1	1051.070638
1991	8	2	806.8107652
1991	8	3	594.8992332
1991	8	4	552.1130617
1991	8	5	485.5809594
1991	8	6	472.9709385
1991	8	7	387.2856818
1991	8	8	316.0697498
1991	8	9	409.4946809
1991	8	10	273.9503094
1991	8	11	303.6117684
1991	8	12	199.2656961
1991	8	13	230.7326885
1991	8	14	243.6929525
1991	8	15	241.0618846
1991	8	16	164.7506
1991	8	17	129.386305
1991	8	18	147.2673106
1991	8	19	172.9592133
1991	8	20	220.7117927
1991	8	21	160.7485199
1991	8	22	196.9750464
1991	8	23	196.9750464
1991	8	24	187.9932674
1991	8	25	271.0985055
1991	8	26	145.4071918
1991	8	27	136.3482006
1991	8	28	168.8206233
1991	8	29	196.9750464
1991	8	30	125.9987642
1991	8	31	98.20300808
1991	9	1	84.74851182
1991	9	2	166.7770798
1991	9	3	138.1280424
1991	9	4	376.4980802
1991	9	5	765.473819
1991	9	6	405.7339483
1991	9	7	241.0618846
1991	9	8	199.2656961
1991	9	9	181.444593
1991	9	10	154.8714313
1991	9	11	136.3482006
1991	9	12	131.1033119
1991	9	13	190.2117465
1991	9	14	136.3482006
1991	9	15	113.0570127
1991	9	16	124.328077
1991	9	17	127.6848146
1991	9	18	129.386305
1991	9	19	103.97244
1991	9	20	106.9426347
1991	9	21	122.6726765
1991	9	22	111.5064798
1991	9	23	131.1033119
1991	9	24	98.20300808
1991	9	25	113.0570127
1991	9	26	288.519157
1991	9	27	325.6405732
1991	9	28	196.9750464
1991	9	29	201.5745853
1991	9	30	218.2541447
1991	10	1	170.8813084
1991	10	2	131.1033119
1991	10	3	124.328077
1991	10	4	124.328077
1991	10	5	116.2024117
1991	10	6	113.0570127
1991	10	7	113.0570127
1991	10	8	95.40256147
1991	10	9	95.40256147
1991	10	10	108.4493667
1991	10	11	127.6848146
1991	10	12	99.62418547
1991	10	13	91.30553175
1991	10	14	103.97244
1991	10	15	116.2024117
1991	10	16	105.450351
1991	10	17	99.62418547
1991	10	18	102.5088259
1991	10	19	101.0594329
1991	10	20	109.9706231
1991	10	21	105.450351
1991	10	22	94.02314149
1991	10	23	124.328077
1991	10	24	109.9706231
1991	10	25	101.0594329
1991	10	26	99.62418547
1991	10	27	108.4493667
1991	10	28	117.7974301
1991	10	29	127.6848146
1991	10	30	125.9987642
1991	10	31	111.5064798
1991	11	1	101.0594329
1991	11	2	87.33106552
1991	11	3	77.31630378
1991	11	4	95.40256147
1991	11	5	87.33106552
1991	11	6	92.65748999
1991	11	7	96.79582522
1991	11	8	113.0570127
1991	11	9	96.79582522
1991	11	10	98.20300808
1991	11	11	111.5064798
1991	11	12	103.97244
1991	11	13	103.97244
1991	11	14	103.97244
1991	11	15	103.97244
1991	11	16	87.33106552
1991	11	17	86.03312956
1991	11	18	86.03312956
1991	11	19	86.03312956
1991	11	20	86.03312956
1991	11	21	86.03312956
1991	11	22	86.03312956
1991	11	23	82.21893184
1991	11	24	63.81787182
1991	11	25	108.4493667
1991	11	26	84.74851182
1991	11	27	84.74851182
1991	11	28	83.47713749
1991	11	29	111.5064798
1991	11	30	84.74851182
1991	12	1	80.9738202
1991	12	2	83.47713749
1991	12	3	82.21893184
1991	12	4	79.74172798
1991	12	5	79.74172798
1991	12	6	106.9426347
1991	12	7	106.9426347
1991	12	8	84.74851182
1991	12	9	84.74851182
1991	12	10	82.21893184
1991	12	11	84.74851182
1991	12	12	83.47713749
1991	12	13	82.21893184
1991	12	14	82.21893184
1991	12	15	82.21893184
1991	12	16	83.47713749
1991	12	17	84.74851182
1991	12	18	84.74851182
1991	12	19	2525.232429
1991	12	20	111.5064798
1991	12	21	116.2024117
1991	12	22	101.0594329
1991	12	23	101.0594329
1991	12	24	116.2024117
1991	12	25	88.64239456
1991	12	26	87.33106552
1991	12	27	87.33106552
1991	12	28	86.03312956
1991	12	29	84.74851182
1991	12	30	84.74851182
1991	12	31	84.74851182
1992	1	1	111.5064798
1992	1	2	86.03312956
1992	1	3	87.33106552
1992	1	4	82.21893184
1992	1	5	77.31630378
1992	1	6	76.12282295
1992	1	7	86.03312956
1992	1	8	86.03312956
1992	1	9	95.40256147
1992	1	10	91.30553175
1992	1	11	91.30553175
1992	1	12	91.30553175
1992	1	13	86.03312956
1992	1	14	84.74851182
1992	1	15	84.74851182
1992	1	16	87.33106552
1992	1	17	143.5632828
1992	1	18	92.65748999
1992	1	19	89.96719164
1992	1	20	87.33106552
1992	1	21	87.33106552
1992	1	22	87.33106552
1992	1	23	87.33106552
1992	1	24	88.64239456
1992	1	25	88.64239456
1992	1	26	31.78842388
1992	1	27	89.96719164
1992	1	28	87.33106552
1992	1	29	82.21893184
1992	1	30	82.21893184
1992	1	31	82.21893184
1992	2	1	82.21893184
1992	2	2	82.21893184
1992	2	3	84.74851182
1992	2	4	82.21893184
1992	2	5	80.9738202
1992	2	6	80.9738202
1992	2	7	80.9738202
1992	2	8	80.9738202
1992	2	9	80.9738202
1992	2	10	80.9738202
1992	2	11	79.74172798
1992	2	12	82.21893184
1992	2	13	79.74172798
1992	2	14	105.450351
1992	2	15	106.9426347
1992	2	16	79.74172798
1992	2	17	92.65748999
1992	2	18	73.77395229
1992	2	19	73.77395229
1992	2	20	87.33106552
1992	2	21	89.96719164
1992	2	22	92.65748999
1992	2	23	76.12282295
1992	2	24	74.94206387
1992	2	25	74.94206387
1992	2	26	101.0594329
1992	2	27	91.30553175
1992	2	28	87.33106552
1992	2	29	92.65748999
1992	3	1	87.33106552
1992	3	2	101.0594329
1992	3	3	95.40256147
1992	3	4	88.64239456
1992	3	5	87.33106552
1992	3	6	87.33106552
1992	3	7	86.03312956
1992	3	8	84.74851182
1992	3	9	82.21893184
1992	3	10	82.21893184
1992	3	11	102.5088259
1992	3	12	106.9426347
1992	3	13	87.33106552
1992	3	14	101.0594329
1992	3	15	101.0594329
1992	3	16	86.03312956
1992	3	17	181.444593
1992	3	18	199.2656961
1992	3	19	175.0544161
1992	3	20	122.6726765
1992	3	21	117.7974301
1992	3	22	106.9426347
1992	3	23	76.12282295
1992	3	24	117.7974301
1992	3	25	117.7974301
1992	3	26	185.7926345
1992	3	27	89.96719164
1992	3	28	88.64239456
1992	3	29	79.74172798
1992	3	30	68.1205136
1992	3	31	111.5064798
1992	4	1	61.73829975
1992	4	2	77.31630378
1992	4	3	114.6222979
1992	4	4	92.65748999
1992	4	5	92.65748999
1992	4	6	111.5064798
1992	4	7	113.0570127
1992	4	8	119.4074295
1992	4	9	111.5064798
1992	4	10	113.0570127
1992	4	11	127.6848146
1992	4	12	125.9987642
1992	4	13	116.2024117
1992	4	14	125.9987642
1992	4	15	129.386305
1992	4	16	129.386305
1992	4	17	127.6848146
1992	4	18	132.8359123
1992	4	19	147.2673106
1992	4	20	134.5841829
1992	4	21	145.4071918
1992	4	22	156.8137602
1992	4	23	160.7485199
1992	4	24	149.1437165
1992	4	25	160.7485199
1992	4	26	139.9237853
1992	4	27	154.8714313
1992	4	28	129.386305
1992	4	29	192.4481503
1992	4	30	160.7485199
1992	5	1	131.1033119
1992	5	2	129.386305
1992	5	3	125.9987642
1992	5	4	138.1280424
1992	5	5	131.1033119
1992	5	6	127.6848146
1992	5	7	147.2673106
1992	5	8	428.6582709
1992	5	9	273.9503094
1992	5	10	185.7926345
1992	5	11	177.1669948
1992	5	12	241.0618846
1992	5	13	206.2473976
1992	5	14	251.7044777
1992	5	15	268.2671691
1992	5	16	230.7326885
1992	5	17	322.4284854
1992	5	18	265.4562201
1992	5	19	230.7326885
1992	5	20	170.8813084
1992	5	21	91.30553175
1992	5	22	83.47713749
1992	5	23	113.0570127
1992	5	24	134.5841829
1992	5	25	131.1033119
1992	5	26	119.4074295
1992	5	27	134.5841829
1992	5	28	136.3482006
1992	5	29	122.6726765
1992	5	30	87.33106552
1992	5	31	79.74172798
1992	6	1	125.9987642
1992	6	2	183.6097692
1992	6	3	259.895163
1992	6	4	225.684021
1992	6	5	187.9932674
1992	6	6	241.0618846
1992	6	7	152.9456994
1992	6	8	228.1987601
1992	6	9	181.444593
1992	6	10	151.036487
1992	6	11	175.0544161
1992	6	12	152.9456994
1992	6	13	194.7025573
1992	6	14	132.8359123
1992	6	15	139.9237853
1992	6	16	143.5632828
1992	6	17	177.1669948
1992	6	18	145.4071918
1992	6	19	139.9237853
1992	6	20	127.6848146
1992	6	21	91.30553175
1992	6	22	106.9426347
1992	6	23	151.036487
1992	6	24	149.1437165
1992	6	25	152.9456994
1992	6	26	147.2673106
1992	6	27	136.3482006
1992	6	28	124.328077
1992	6	29	136.3482006
1992	6	30	122.6726765
1992	7	1	122.6726765
1992	7	2	117.7974301
1992	7	3	106.9426347
1992	7	4	103.97244
1992	7	5	89.96719164
1992	7	6	113.0570127
1992	7	7	106.9426347
1992	7	8	84.74851182
1992	7	9	101.0594329
1992	7	10	98.20300808
1992	7	11	113.0570127
1992	7	12	111.5064798
1992	7	13	129.386305
1992	7	14	127.6848146
1992	7	15	127.6848146
1992	7	16	210.9941146
1992	7	17	156.8137602
1992	7	18	273.9503094
1992	7	19	183.6097692
1992	7	20	213.3953849
1992	7	21	139.9237853
1992	7	22	131.1033119
1992	7	23	134.5841829
1992	7	24	131.1033119
1992	7	25	125.9987642
1992	7	26	125.9987642
1992	7	27	117.7974301
1992	7	28	125.9987642
1992	7	29	98.20300808
1992	7	30	92.65748999
1992	7	31	194.7025573
1992	8	1	162.741106
1992	8	2	109.9706231
1992	8	3	125.9987642
1992	8	4	105.450351
1992	8	5	86.03312956
1992	8	6	105.450351
1992	8	7	108.4493667
1992	8	8	147.2673106
1992	8	9	124.328077
1992	8	10	86.03312956
1992	8	11	92.65748999
1992	8	12	108.4493667
1992	8	13	94.02314149
1992	8	14	105.450351
1992	8	15	162.741106
1992	8	16	208.6114785
1992	8	17	179.2970277
1992	8	18	160.7485199
1992	8	19	147.2673106
1992	8	20	127.6848146
1992	8	21	131.1033119
1992	8	22	134.5841829
1992	8	23	102.5088259
1992	8	24	125.9987642
1992	8	25	145.4071918
1992	8	26	152.9456994
1992	8	27	634.7974303
1992	8	28	800.8138066
1992	8	29	271.0985055
1992	8	30	168.8206233
1992	8	31	175.0544161
1992	9	1	181.444593
1992	9	2	183.6097692
1992	9	3	259.895163
1992	9	4	192.4481503
1992	9	5	166.7770798
1992	9	6	124.328077
1992	9	7	117.7974301
1992	9	8	125.9987642
1992	9	9	131.1033119
1992	9	10	138.1280424
1992	9	11	111.5064798
1992	9	12	111.5064798
1992	9	13	106.9426347
1992	9	14	103.97244
1992	9	15	117.7974301
1992	9	16	141.7355064
1992	9	17	132.8359123
1992	9	18	131.1033119
1992	9	19	132.8359123
1992	9	20	125.9987642
1992	9	21	131.1033119
1992	9	22	116.2024117
1992	9	23	102.5088259
1992	9	24	136.3482006
1992	9	25	401.9970184
1992	9	26	199.2656961
1992	9	27	156.8137602
1992	9	28	132.8359123
1992	9	29	145.4071918
1992	9	30	162.741106
1992	10	1	152.9456994
1992	10	2	145.4071918
1992	10	3	143.5632828
1992	10	4	177.1669948
1992	10	5	147.2673106
1992	10	6	141.7355064
1992	10	7	143.5632828
1992	10	8	139.9237853
1992	10	9	138.1280424
1992	10	10	138.1280424
1992	10	11	136.3482006
1992	10	12	119.4074295
1992	10	13	124.328077
1992	10	14	122.6726765
1992	10	15	119.4074295
1992	10	16	102.5088259
1992	10	17	131.1033119
1992	10	18	129.386305
1992	10	19	122.6726765
1992	10	20	136.3482006
1992	10	21	138.1280424
1992	10	22	121.0324862
1992	10	23	151.036487
1992	10	24	132.8359123
1992	10	25	134.5841829
1992	10	26	132.8359123
1992	10	27	117.7974301
1992	10	28	114.6222979
1992	10	29	101.0594329
1992	10	30	102.5088259
1992	10	31	103.97244
1992	11	1	102.5088259
1992	11	2	96.79582522
1992	11	3	102.5088259
1992	11	4	125.9987642
1992	11	5	113.0570127
1992	11	6	136.3482006
1992	11	7	134.5841829
1992	11	8	129.386305
1992	11	9	117.7974301
1992	11	10	138.1280424
1992	11	11	143.5632828
1992	11	12	101.0594329
1992	11	13	103.97244
1992	11	14	131.1033119
1992	11	15	101.0594329
1992	11	16	109.9706231
1992	11	17	117.7974301
1992	11	18	113.0570127
1992	11	19	119.4074295
1992	11	20	147.2673106
1992	11	21	143.5632828
1992	11	22	119.4074295
1992	11	23	147.2673106
1992	11	24	127.6848146
1992	11	25	129.386305
1992	11	26	129.386305
1992	11	27	129.386305
1992	11	28	129.386305
1992	11	29	138.1280424
1992	11	30	105.450351
1992	12	1	132.8359123
1992	12	2	132.8359123
1992	12	3	124.328077
1992	12	4	127.6848146
1992	12	5	141.7355064
1992	12	6	141.7355064
1992	12	7	132.8359123
1992	12	8	109.9706231
1992	12	9	131.1033119
1992	12	10	152.9456994
1992	12	11	143.5632828
1992	12	12	143.5632828
1992	12	13	143.5632828
1992	12	14	141.7355064
1992	12	15	134.5841829
1992	12	16	138.1280424
1992	12	17	149.1437165
1992	12	18	139.9237853
1992	12	19	132.8359123
1992	12	20	131.1033119
1992	12	21	145.4071918
1992	12	22	136.3482006
1992	12	23	131.1033119
1992	12	24	121.0324862
1992	12	25	109.9706231
1992	12	26	108.4493667
1992	12	27	106.9426347
1992	12	28	106.9426347
1992	12	29	139.9237853
1992	12	30	125.9987642
1992	12	31	124.328077
1993	1	1	108.4493667
1993	1	2	105.450351
1993	1	3	96.79582522
1993	1	4	94.02314149
1993	1	5	87.33106552
1993	1	6	86.03312956
1993	1	7	84.74851182
1993	1	8	87.33106552
1993	1	9	87.33106552
1993	1	10	88.64239456
1993	1	11	87.33106552
1993	1	12	84.74851182
1993	1	13	88.64239456
1993	1	14	87.33106552
1993	1	15	87.33106552
1993	1	16	108.4493667
1993	1	17	83.47713749
1993	1	18	77.31630378
1993	1	19	73.77395229
1993	1	20	77.31630378
1993	1	21	77.31630378
1993	1	22	73.77395229
1993	1	23	74.94206387
1993	1	24	77.31630378
1993	1	25	77.31630378
1993	1	26	74.94206387
1993	1	27	76.12282295
1993	1	28	77.31630378
1993	1	29	67.02673203
1993	1	30	65.94508031
1993	1	31	65.94508031
1993	2	1	65.94508031
1993	2	2	65.94508031
1993	2	3	64.87548476
1993	2	4	65.94508031
1993	2	5	65.94508031
1993	2	6	67.02673203
1993	2	7	65.94508031
1993	2	8	65.94508031
1993	2	9	65.94508031
1993	2	10	65.94508031
1993	2	11	64.87548476
1993	2	12	64.87548476
1993	2	13	64.87548476
1993	2	14	79.74172798
1993	2	15	82.21893184
1993	2	16	77.31630378
1993	2	17	89.96719164
1993	2	18	103.97244
1993	2	19	89.96719164
1993	2	20	84.74851182
1993	2	21	83.47713749
1993	2	22	145.4071918
1993	2	23	145.4071918
1993	2	24	129.386305
1993	2	25	103.97244
1993	2	26	89.96719164
1993	2	27	88.64239456
1993	2	28	86.03312956
1993	3	1	86.03312956
1993	3	2	86.03312956
1993	3	3	105.450351
1993	3	4	103.97244
1993	3	5	103.97244
1993	3	6	103.97244
1993	3	7	109.9706231
1993	3	8	106.9426347
1993	3	9	103.97244
1993	3	10	101.0594329
1993	3	11	96.79582522
1993	3	12	96.79582522
1993	3	13	95.40256147
1993	3	14	95.40256147
1993	3	15	95.40256147
1993	3	16	95.40256147
1993	3	17	96.79582522
1993	3	18	95.40256147
1993	3	19	95.40256147
1993	3	20	95.40256147
1993	3	21	95.40256147
1993	3	22	101.0594329
1993	3	23	105.450351
1993	3	24	99.62418547
1993	3	25	119.4074295
1993	3	26	95.40256147
1993	3	27	94.02314149
1993	3	28	116.2024117
1993	3	29	109.9706231
1993	3	30	109.9706231
1993	3	31	111.5064798
1993	4	1	114.6222979
1993	4	2	116.2024117
1993	4	3	114.6222979
1993	4	4	109.9706231
1993	4	5	116.2024117
1993	4	6	131.1033119
1993	4	7	127.6848146
1993	4	8	129.386305
1993	4	9	145.4071918
1993	4	10	145.4071918
1993	4	11	152.9456994
1993	4	12	152.9456994
1993	4	13	145.4071918
1993	4	14	127.6848146
1993	4	15	132.8359123
1993	4	16	127.6848146
1993	4	17	122.6726765
1993	4	18	117.7974301
1993	4	19	113.0570127
1993	4	20	113.0570127
1993	4	21	102.5088259
1993	4	22	91.30553175
1993	4	23	109.9706231
1993	4	24	98.20300808
1993	4	25	95.40256147
1993	4	26	96.79582522
1993	4	27	125.9987642
1993	4	28	108.4493667
1993	4	29	116.2024117
1993	4	30	117.7974301
1993	5	1	122.6726765
1993	5	2	116.2024117
1993	5	3	116.2024117
1993	5	4	108.4493667
1993	5	5	105.450351
1993	5	6	109.9706231
1993	5	7	160.7485199
1993	5	8	233.2858855
1993	5	9	529.281834
1993	5	10	322.4284854
1993	5	11	241.0618846
1993	5	12	203.9017928
1993	5	13	246.3436875
1993	5	14	203.9017928
1993	5	15	225.684021
1993	5	16	309.7977269
1993	5	17	268.2671691
1993	5	18	254.4146929
1993	5	19	233.2858855
1993	5	20	243.6929525
1993	5	21	254.4146929
1993	5	22	259.895163
1993	5	23	251.7044777
1993	5	24	225.684021
1993	5	25	213.3953849
1993	5	26	228.1987601
1993	5	27	273.9503094
1993	5	28	210.9941146
1993	5	29	355.5455986
1993	5	30	300.5508609
1993	5	31	273.9503094
1993	6	1	279.7156415
1993	6	2	288.519157
1993	6	3	225.684021
1993	6	4	251.7044777
1993	6	5	300.5508609
1993	6	6	206.2473976
1993	6	7	223.1883917
1993	6	8	251.7044777
1993	6	9	213.3953849
1993	6	10	271.0985055
1993	6	11	297.5112269
1993	6	12	210.9941146
1993	6	13	282.6293305
1993	6	14	177.1669948
1993	6	15	181.444593
1993	6	16	147.2673106
1993	6	17	134.5841829
1993	6	18	134.5841829
1993	6	19	172.9592133
1993	6	20	122.6726765
1993	6	21	190.2117465
1993	6	22	306.6940301
1993	6	23	158.7727639
1993	6	24	158.7727639
1993	6	25	185.7926345
1993	6	26	175.0544161
1993	6	27	243.6929525
1993	6	28	187.9932674
1993	6	29	201.5745853
1993	6	30	201.5745853
1993	7	1	405.7339483
1993	7	2	136.3482006
1993	7	3	190.2117465
1993	7	4	800.8138066
1993	7	5	1065.560062
1993	7	6	328.8745827
1993	7	7	736.8548071
1993	7	8	731.2206299
1993	7	9	348.7435478
1993	7	10	352.1332867
1993	7	11	335.4086917
1993	7	12	309.7977269
1993	7	13	271.0985055
1993	7	14	322.4284854
1993	7	15	265.4562201
1993	7	16	190.2117465
1993	7	17	164.7506
1993	7	18	114.6222979
1993	7	19	106.9426347
1993	7	20	177.1669948
1993	7	21	268.2671691
1993	7	22	547.4937263
1993	7	23	409.4946809
1993	7	24	332.1305951
1993	7	25	348.7435478
1993	7	26	424.7772878
1993	7	27	1155.391262
1993	7	28	900.5080181
1993	7	29	1210.125195
1993	7	30	1029.591236
1993	7	31	980.6491866
1993	8	1	624.6556994
1993	8	2	417.0878842
1993	8	3	460.5878015
1993	8	4	413.2792987
1993	8	5	348.7435478
1993	8	6	538.3348579
1993	8	7	650.2213295
1993	8	8	472.9709385
1993	8	9	520.3339847
1993	8	10	436.493213
1993	8	11	362.4382683
1993	8	12	291.4954556
1993	8	13	271.0985055
1993	8	14	312.9229398
1993	8	15	233.2858855
1993	8	16	151.036487
1993	8	17	194.7025573
1993	8	18	132.8359123
1993	8	19	141.7355064
1993	8	20	138.1280424
1993	8	21	147.2673106
1993	8	22	147.2673106
1993	8	23	122.6726765
1993	8	24	122.6726765
1993	8	25	119.4074295
1993	8	26	124.328077
1993	8	27	121.0324862
1993	8	28	243.6929525
1993	8	29	294.4927853
1993	8	30	152.9456994
1993	8	31	119.4074295
1993	9	1	109.9706231
1993	9	2	116.2024117
1993	9	3	116.2024117
1993	9	4	109.9706231
1993	9	5	119.4074295
1993	9	6	116.2024117
1993	9	7	108.4493667
1993	9	8	109.9706231
1993	9	9	113.0570127
1993	9	10	96.79582522
1993	9	11	105.450351
1993	9	12	106.9426347
1993	9	13	106.9426347
1993	9	14	103.97244
1993	9	15	113.0570127
1993	9	16	106.9426347
1993	9	17	99.62418547
1993	9	18	91.30553175
1993	9	19	89.96719164
1993	9	20	88.64239456
1993	9	21	83.47713749
1993	9	22	101.0594329
1993	9	23	99.62418547
1993	9	24	87.33106552
1993	9	25	117.7974301
1993	9	26	95.40256147
1993	9	27	87.33106552
1993	9	28	86.03312956
1993	9	29	86.03312956
1993	9	30	86.03312956
1993	10	1	96.79582522
1993	10	2	101.0594329
1993	10	3	99.62418547
1993	10	4	82.21893184
1993	10	5	98.20300808
1993	10	6	86.03312956
1993	10	7	108.4493667
1993	10	8	86.03312956
1993	10	9	116.2024117
1993	10	10	108.4493667
1993	10	11	113.0570127
1993	10	12	86.03312956
1993	10	13	96.79582522
1993	10	14	99.62418547
1993	10	15	98.20300808
1993	10	16	108.4493667
1993	10	17	98.20300808
1993	10	18	86.03312956
1993	10	19	95.40256147
1993	10	20	96.79582522
1993	10	21	101.0594329
1993	10	22	111.5064798
1993	10	23	106.9426347
1993	10	24	1.201852775
1993	10	25	1.201852775
1993	10	26	1.201852775
1993	10	27	1.201852775
1993	10	28	1.201852775
1993	10	29	1.201852775
1993	10	30	1.201852775
1993	10	31	1.201852775
1993	11	1	1.201852775
1993	11	2	1.201852775
1993	11	3	1.201852775
1993	11	4	1.201852775
1993	11	5	1.201852775
1993	11	6	1.201852775
1993	11	7	1.201852775
1993	11	8	1.201852775
1993	11	9	1.201852775
1993	11	10	1.201852775
1993	11	11	1.201852775
1993	11	12	1.201852775
1993	11	13	1.201852775
1993	11	14	1.201852775
1993	11	15	1.201852775
1993	11	16	1.201852775
1993	11	17	1.201852775
1993	11	18	1.201852775
1993	11	19	1.201852775
1993	11	20	1.201852775
1993	11	21	1.201852775
1993	11	22	1.201852775
1993	11	23	1.201852775
1993	11	24	1.201852775
1993	11	25	1.201852775
1993	11	26	1.201852775
1993	11	27	1.201852775
1993	11	28	1.201852775
1993	11	29	1.201852775
1993	11	30	1.201852775
1993	12	1	1.201852775
1993	12	2	1.201852775
1993	12	3	1.201852775
1993	12	4	1.201852775
1993	12	5	1.201852775
1993	12	6	1.201852775
1993	12	7	1.201852775
1993	12	8	1.201852775
1993	12	9	1.201852775
1993	12	10	1.201852775
1993	12	11	1.201852775
1993	12	12	1.201852775
1993	12	13	1.201852775
1993	12	14	1.201852775
1993	12	15	1.201852775
1993	12	16	1.201852775
1993	12	17	1.201852775
1993	12	18	1.201852775
1993	12	19	1.201852775
1993	12	20	1.201852775
1993	12	21	1.201852775
1993	12	22	1.201852775
1993	12	23	1.201852775
1993	12	24	1.201852775
1993	12	25	1.201852775
1993	12	26	1.201852775
1993	12	27	1.201852775
1993	12	28	1.201852775
1993	12	29	1.201852775
1993	12	30	1.201852775
1993	12	31	1.201852775
1994	1	1	96.79582522
1994	1	2	95.40256147
1994	1	3	95.40256147
1994	1	4	95.40256147
1994	1	5	95.40256147
1994	1	6	111.5064798
1994	1	7	92.65748999
1994	1	8	89.96719164
1994	1	9	96.79582522
1994	1	10	92.65748999
1994	1	11	96.79582522
1994	1	12	89.96719164
1994	1	13	87.33106552
1994	1	14	86.03312956
1994	1	15	71.47537505
1994	1	16	78.52258066
1994	1	17	84.74851182
1994	1	18	83.47713749
1994	1	19	84.74851182
1994	1	20	87.33106552
1994	1	21	87.33106552
1994	1	22	86.03312956
1994	1	23	92.65748999
1994	1	24	92.65748999
1994	1	25	95.40256147
1994	1	26	95.40256147
1994	1	27	96.79582522
1994	1	28	96.79582522
1994	1	29	102.5088259
1994	1	30	103.97244
1994	1	31	101.0594329
1994	2	1	99.62418547
1994	2	2	95.40256147
1994	2	3	91.30553175
1994	2	4	91.30553175
1994	2	5	92.65748999
1994	2	6	92.65748999
1994	2	7	96.79582522
1994	2	8	101.0594329
1994	2	9	94.02314149
1994	2	10	94.02314149
1994	2	11	94.02314149
1994	2	12	94.02314149
1994	2	13	94.02314149
1994	2	14	92.65748999
1994	2	15	92.65748999
1994	2	16	94.02314149
1994	2	17	94.02314149
1994	2	18	95.40256147
1994	2	19	94.02314149
1994	2	20	94.02314149
1994	2	21	94.02314149
1994	2	22	95.40256147
1994	2	23	95.40256147
1994	2	24	95.40256147
1994	2	25	98.20300808
1994	2	26	99.62418547
1994	2	27	103.97244
1994	2	28	108.4493667
1994	3	1	111.5064798
1994	3	2	101.0594329
1994	3	3	89.96719164
1994	3	4	95.40256147
1994	3	5	101.0594329
1994	3	6	88.64239456
1994	3	7	84.74851182
1994	3	8	84.74851182
1994	3	9	86.03312956
1994	3	10	86.03312956
1994	3	11	99.62418547
1994	3	12	99.62418547
1994	3	13	87.33106552
1994	3	14	72.61841405
1994	3	15	82.21893184
1994	3	16	101.0594329
1994	3	17	83.47713749
1994	3	18	84.74851182
1994	3	19	83.47713749
1994	3	20	88.64239456
1994	3	21	99.62418547
1994	3	22	105.450351
1994	3	23	102.5088259
1994	3	24	102.5088259
1994	3	25	102.5088259
1994	3	26	125.9987642
1994	3	27	116.2024117
1994	3	28	114.6222979
1994	3	29	114.6222979
1994	3	30	114.6222979
1994	3	31	65.94508031
1994	4	1	52.03447621
1994	4	2	114.6222979
1994	4	3	114.6222979
1994	4	4	114.6222979
1994	4	5	114.6222979
1994	4	6	105.450351
1994	4	7	106.9426347
1994	4	8	106.9426347
1994	4	9	106.9426347
1994	4	10	106.9426347
1994	4	11	42.63185521
1994	4	12	45.90260205
1994	4	13	99.62418547
1994	4	14	101.0594329
1994	4	15	102.5088259
1994	4	16	98.20300808
1994	4	17	98.20300808
1994	4	18	99.62418547
1994	4	19	96.79582522
1994	4	20	91.30553175
1994	4	21	99.62418547
1994	4	22	95.40256147
1994	4	23	92.65748999
1994	4	24	99.62418547
1994	4	25	95.40256147
1994	4	26	98.20300808
1994	4	27	98.20300808
1994	4	28	94.02314149
1994	4	29	94.02314149
1994	4	30	92.65748999
1994	5	1	94.02314149
1994	5	2	98.20300808
1994	5	3	108.4493667
1994	5	4	101.0594329
1994	5	5	119.4074295
1994	5	6	113.0570127
1994	5	7	109.9706231
1994	5	8	105.450351
1994	5	9	106.9426347
1994	5	10	102.5088259
1994	5	11	103.97244
1994	5	12	111.5064798
1994	5	13	139.9237853
1994	5	14	116.2024117
1994	5	15	106.9426347
1994	5	16	101.0594329
1994	5	17	95.40256147
1994	5	18	95.40256147
1994	5	19	95.40256147
1994	5	20	103.97244
1994	5	21	98.20300808
1994	5	22	99.62418547
1994	5	23	94.02314149
1994	5	24	98.20300808
1994	5	25	98.20300808
1994	5	26	89.96719164
1994	5	27	101.0594329
1994	5	28	94.02314149
1994	5	29	98.20300808
1994	5	30	95.40256147
1994	5	31	95.40256147
1994	6	1	95.40256147
1994	6	2	94.02314149
1994	6	3	99.62418547
1994	6	4	96.79582522
1994	6	5	91.30553175
1994	6	6	98.20300808
1994	6	7	98.20300808
1994	6	8	96.79582522
1994	6	9	96.79582522
1994	6	10	98.20300808
1994	6	11	106.9426347
1994	6	12	106.9426347
1994	6	13	101.0594329
1994	6	14	114.6222979
1994	6	15	113.0570127
1994	6	16	103.97244
1994	6	17	108.4493667
1994	6	18	1837.804052
1994	6	19	624.6556994
1994	6	20	190.2117465
1994	6	21	149.1437165
1994	6	22	168.8206233
1994	6	23	194.7025573
1994	6	24	365.9187895
1994	6	25	276.8226613
1994	6	26	235.8584308
1994	6	27	225.684021
1994	6	28	223.1883917
1994	6	29	223.1883917
1994	6	30	220.7117927
1994	7	1	208.6114785
1994	7	2	164.7506
1994	7	3	206.2473976
1994	7	4	187.9932674
1994	7	5	203.9017928
1994	7	6	208.6114785
1994	7	7	179.2970277
1994	7	8	152.9456994
1994	7	9	158.7727639
1994	7	10	131.1033119
1994	7	11	102.5088259
1994	7	12	114.6222979
1994	7	13	143.5632828
1994	7	14	129.386305
1994	7	15	121.0324862
1994	7	16	101.0594329
1994	7	17	101.0594329
1994	7	18	88.64239456
1994	7	19	131.1033119
1994	7	20	273.9503094
1994	7	21	147.2673106
1994	7	22	138.1280424
1994	7	23	99.62418547
1994	7	24	102.5088259
1994	7	25	98.20300808
1994	7	26	95.40256147
1994	7	27	105.450351
1994	7	28	106.9426347
1994	7	29	113.0570127
1994	7	30	114.6222979
1994	7	31	101.0594329
1994	8	1	84.74851182
1994	8	2	76.12282295
1994	8	3	91.30553175
1994	8	4	99.62418547
1994	8	5	138.1280424
1994	8	6	116.2024117
1994	8	7	102.5088259
1994	8	8	87.33106552
1994	8	9	77.31630378
1994	8	10	73.77395229
1994	8	11	74.94206387
1994	8	12	80.9738202
1994	8	13	95.40256147
1994	8	14	101.0594329
1994	8	15	276.8226613
1994	8	16	1880.484576
1994	8	17	464.690443
1994	8	18	243.6929525
1994	8	19	164.7506
1994	8	20	162.741106
1994	8	21	122.6726765
1994	8	22	122.6726765
1994	8	23	124.328077
1994	8	24	127.6848146
1994	8	25	105.450351
1994	8	26	89.96719164
1994	8	27	89.96719164
1994	8	28	82.21893184
1994	8	29	109.9706231
1994	8	30	86.03312956
1994	8	31	78.52258066
1994	9	1	82.21893184
1994	9	2	82.21893184
1994	9	3	87.33106552
1994	9	4	86.03312956
1994	9	5	72.61841405
1994	9	6	88.64239456
1994	9	7	78.52258066
1994	9	8	91.30553175
1994	9	9	96.79582522
1994	9	10	86.03312956
1994	9	11	88.64239456
1994	9	12	101.0594329
1994	9	13	62.77216796
1994	9	14	91.30553175
1994	9	15	95.40256147
1994	9	16	111.5064798
1994	9	17	108.4493667
1994	9	18	91.30553175
1994	9	19	79.74172798
1994	9	20	84.74851182
1994	9	21	86.03312956
1994	9	22	83.47713749
1994	9	23	78.52258066
1994	9	24	91.30553175
1994	9	25	98.20300808
1994	9	26	79.74172798
1994	9	27	76.12282295
1994	9	28	83.47713749
1994	9	29	147.2673106
1994	9	30	199.2656961
1994	10	1	109.9706231
1994	10	2	87.33106552
1994	10	3	111.5064798
1994	10	4	206.2473976
1994	10	5	147.2673106
1994	10	6	103.97244
1994	10	7	102.5088259
1994	10	8	124.328077
1994	10	9	149.1437165
1994	10	10	116.2024117
1994	10	11	101.0594329
1994	10	12	96.79582522
1994	10	13	86.03312956
1994	10	14	89.96719164
1994	10	15	88.64239456
1994	10	16	84.74851182
1994	10	17	86.03312956
1994	10	18	82.21893184
1994	10	19	96.79582522
1994	10	20	86.03312956
1994	10	21	88.64239456
1994	10	22	94.02314149
1994	10	23	91.30553175
1994	10	24	89.96719164
1994	10	25	94.02314149
1994	10	26	92.65748999
1994	10	27	74.94206387
1994	10	28	78.52258066
1994	10	29	78.52258066
1994	10	30	76.12282295
1994	10	31	77.31630378
1994	11	1	78.52258066
1994	11	2	77.31630378
1994	11	3	77.31630378
1994	11	4	77.31630378
1994	11	5	94.02314149
1994	11	6	79.74172798
1994	11	7	78.52258066
1994	11	8	78.52258066
1994	11	9	79.74172798
1994	11	10	79.74172798
1994	11	11	78.52258066
1994	11	12	78.52258066
1994	11	13	79.74172798
1994	11	14	78.52258066
1994	11	15	77.31630378
1994	11	16	77.31630378
1994	11	17	77.31630378
1994	11	18	89.96719164
1994	11	19	84.74851182
1994	11	20	78.52258066
1994	11	21	76.12282295
1994	11	22	88.64239456
1994	11	23	74.94206387
1994	11	24	80.9738202
1994	11	25	87.33106552
1994	11	26	87.33106552
1994	11	27	91.30553175
1994	11	28	91.30553175
1994	11	29	77.31630378
1994	11	30	78.52258066
1994	12	1	79.74172798
1994	12	2	89.96719164
1994	12	3	82.21893184
1994	12	4	95.40256147
1994	12	5	95.40256147
1994	12	6	89.96719164
1994	12	7	88.64239456
1994	12	8	80.9738202
1994	12	9	95.40256147
1994	12	10	103.97244
1994	12	11	95.40256147
1994	12	12	77.31630378
1994	12	13	105.450351
1994	12	14	106.9426347
1994	12	15	108.4493667
1994	12	16	101.0594329
1994	12	17	79.74172798
1994	12	18	89.96719164
1994	12	19	1.201852775
1994	12	20	1.201852775
1994	12	21	1.201852775
1994	12	22	1.201852775
1994	12	23	1.201852775
1994	12	24	1.201852775
1994	12	25	1.201852775
1994	12	26	1.201852775
1994	12	27	1.201852775
1994	12	28	1.201852775
1994	12	29	1.201852775
1994	12	30	1.201852775
1994	12	31	1.201852775
1995	1	1	87.33106552
1995	1	2	88.64239456
1995	1	3	88.64239456
1995	1	4	108.4493667
1995	1	5	89.96719164
1995	1	6	101.0594329
1995	1	7	92.65748999
1995	1	8	92.65748999
1995	1	9	92.65748999
1995	1	10	88.64239456
1995	1	11	89.96719164
1995	1	12	89.96719164
1995	1	13	88.64239456
1995	1	14	88.64239456
1995	1	15	88.64239456
1995	1	16	92.65748999
1995	1	17	92.65748999
1995	1	18	88.64239456
1995	1	19	89.96719164
1995	1	20	102.5088259
1995	1	21	102.5088259
1995	1	22	102.5088259
1995	1	23	96.79582522
1995	1	24	95.40256147
1995	1	25	89.96719164
1995	1	26	102.5088259
1995	1	27	92.65748999
1995	1	28	96.79582522
1995	1	29	99.62418547
1995	1	30	102.5088259
1995	1	31	103.97244
1995	2	1	103.97244
1995	2	2	102.5088259
1995	2	3	101.0594329
1995	2	4	101.0594329
1995	2	5	96.79582522
1995	2	6	91.30553175
1995	2	7	94.02314149
1995	2	8	101.0594329
1995	2	9	98.20300808
1995	2	10	106.9426347
1995	2	11	101.0594329
1995	2	12	89.96719164
1995	2	13	89.96719164
1995	2	14	102.5088259
1995	2	15	101.0594329
1995	2	16	91.30553175
1995	2	17	101.0594329
1995	2	18	94.02314149
1995	2	19	94.02314149
1995	2	20	101.0594329
1995	2	21	101.0594329
1995	2	22	98.20300808
1995	2	23	95.40256147
1995	2	24	94.02314149
1995	2	25	106.9426347
1995	2	26	101.0594329
1995	2	27	101.0594329
1995	2	28	101.0594329
1995	3	1	101.0594329
1995	3	2	101.0594329
1995	3	3	98.20300808
1995	3	4	98.20300808
1995	3	5	94.02314149
1995	3	6	88.64239456
1995	3	7	76.12282295
1995	3	8	76.12282295
1995	3	9	76.12282295
1995	3	10	95.40256147
1995	3	11	83.47713749
1995	3	12	84.74851182
1995	3	13	74.94206387
1995	3	14	84.74851182
1995	3	15	83.47713749
1995	3	16	83.47713749
1995	3	17	96.79582522
1995	3	18	88.64239456
1995	3	19	89.96719164
1995	3	20	74.94206387
1995	3	21	80.9738202
1995	3	22	89.96719164
1995	3	23	87.33106552
1995	3	24	89.96719164
1995	3	25	89.96719164
1995	3	26	89.96719164
1995	3	27	87.33106552
1995	3	28	88.64239456
1995	3	29	88.64239456
1995	3	30	86.03312956
1995	3	31	86.03312956
1995	4	1	87.33106552
1995	4	2	84.74851182
1995	4	3	33.10974288
1995	4	4	101.0594329
1995	4	5	76.12282295
1995	4	6	74.94206387
1995	4	7	87.33106552
1995	4	8	84.74851182
1995	4	9	86.03312956
1995	4	10	83.47713749
1995	4	11	83.47713749
1995	4	12	87.33106552
1995	4	13	88.64239456
1995	4	14	83.47713749
1995	4	15	84.74851182
1995	4	16	94.02314149
1995	4	17	80.9738202
1995	4	18	86.03312956
1995	4	19	82.21893184
1995	4	20	82.21893184
1995	4	21	92.65748999
1995	4	22	83.47713749
1995	4	23	86.03312956
1995	4	24	98.20300808
1995	4	25	105.450351
1995	4	26	91.30553175
1995	4	27	101.0594329
1995	4	28	99.62418547
1995	4	29	83.47713749
1995	4	30	74.94206387
1995	5	1	86.03312956
1995	5	2	84.74851182
1995	5	3	94.02314149
1995	5	4	91.30553175
1995	5	5	89.96719164
1995	5	6	84.74851182
1995	5	7	65.94508031
1995	5	8	106.9426347
1995	5	9	78.52258066
1995	5	10	83.47713749
1995	5	11	87.33106552
1995	5	12	83.47713749
1995	5	13	83.47713749
1995	5	14	86.03312956
1995	5	15	87.33106552
1995	5	16	89.96719164
1995	5	17	84.74851182
1995	5	18	87.33106552
1995	5	19	87.33106552
1995	5	20	101.0594329
1995	5	21	94.02314149
1995	5	22	92.65748999
1995	5	23	99.62418547
1995	5	24	99.62418547
1995	5	25	80.9738202
1995	5	26	73.77395229
1995	5	27	87.33106552
1995	5	28	87.33106552
1995	5	29	87.33106552
1995	5	30	92.65748999
1995	5	31	70.34476127
1995	6	1	80.9738202
1995	6	2	89.96719164
1995	6	3	60.71619382
1995	6	4	91.30553175
1995	6	5	92.65748999
1995	6	6	92.65748999
1995	6	7	101.0594329
1995	6	8	92.65748999
1995	6	9	86.03312956
1995	6	10	84.74851182
1995	6	11	88.64239456
1995	6	12	89.96719164
1995	6	13	86.03312956
1995	6	14	84.74851182
1995	6	15	87.33106552
1995	6	16	86.03312956
1995	6	17	88.64239456
1995	6	18	88.64239456
1995	6	19	80.9738202
1995	6	20	78.52258066
1995	6	21	91.30553175
1995	6	22	88.64239456
1995	6	23	91.30553175
1995	6	24	88.64239456
1995	6	25	87.33106552
1995	6	26	91.30553175
1995	6	27	86.03312956
1995	6	28	83.47713749
1995	6	29	86.03312956
1995	6	30	89.96719164
1995	7	1	86.03312956
1995	7	2	73.77395229
1995	7	3	70.34476127
1995	7	4	72.61841405
1995	7	5	72.61841405
1995	7	6	72.61841405
1995	7	7	71.47537505
1995	7	8	82.21893184
1995	7	9	82.21893184
1995	7	10	262.6655781
1995	7	11	365.9187895
1995	7	12	213.3953849
1995	7	13	175.0544161
1995	7	14	208.6114785
1995	7	15	175.0544161
1995	7	16	175.0544161
1995	7	17	201.5745853
1995	7	18	129.386305
1995	7	19	129.386305
1995	7	20	401.9970184
1995	7	21	196.9750464
1995	7	22	132.8359123
1995	7	23	121.0324862
1995	7	24	111.5064798
1995	7	25	96.79582522
1995	7	26	194.7025573
1995	7	27	141.7355064
1995	7	28	116.2024117
1995	7	29	109.9706231
1995	7	30	95.40256147
1995	7	31	74.94206387
1995	8	1	102.5088259
1995	8	2	131.1033119
1995	8	3	117.7974301
1995	8	4	121.0324862
1995	8	5	113.0570127
1995	8	6	119.4074295
1995	8	7	106.9426347
1995	8	8	114.6222979
1995	8	9	1510.740243
1995	8	10	1109.851178
1995	8	11	498.4201103
1995	8	12	444.4260073
1995	8	13	390.928223
1995	8	14	417.0878842
1995	8	15	335.4086917
1995	8	16	348.7435478
1995	8	17	319.238238
1995	8	18	303.6117684
1995	8	19	291.4954556
1995	8	20	2370.569904
1995	8	21	1576.46526
1995	8	22	681.8382076
1995	8	23	585.2010686
1995	8	24	3789.714078
1995	8	25	9214.936043
1995	8	26	10108.70077
1995	8	27	2700.45816
1995	8	28	907.007934
1995	8	29	748.2125302
1995	8	30	980.6491866
1995	8	31	1576.46526
1995	9	1	1324.891131
1995	9	2	818.8971354
1995	9	3	489.8351064
1995	9	4	533.7951572
1995	9	5	452.4573159
1995	9	6	507.1079494
1995	9	7	472.9709385
1995	9	8	464.690443
1995	9	9	387.2856818
1995	9	10	420.9205197
1995	9	11	420.9205197
1995	9	12	306.6940301
1995	9	13	342.0314629
1995	9	14	348.7435478
1995	9	15	335.4086917
1995	9	16	228.1987601
1995	9	17	160.7485199
1995	9	18	156.8137602
1995	9	19	158.7727639
1995	9	20	145.4071918
1995	9	21	125.9987642
1995	9	22	109.9706231
1995	9	23	131.1033119
1995	9	24	124.328077
1995	9	25	127.6848146
1995	9	26	98.20300808
1995	9	27	89.96719164
1995	9	28	108.4493667
1995	9	29	98.20300808
1995	9	30	108.4493667
1995	10	1	109.9706231
1995	10	2	117.7974301
1995	10	3	114.6222979
1995	10	4	105.450351
1995	10	5	119.4074295
1995	10	6	102.5088259
1995	10	7	99.62418547
1995	10	8	99.62418547
1995	10	9	99.62418547
1995	10	10	99.62418547
1995	10	11	99.62418547
1995	10	12	96.79582522
1995	10	13	125.9987642
1995	10	14	96.79582522
1995	10	15	121.0324862
1995	10	16	111.5064798
1995	10	17	91.30553175
1995	10	18	98.20300808
1995	10	19	84.74851182
1995	10	20	84.74851182
1995	10	21	84.74851182
1995	10	22	89.96719164
1995	10	23	88.64239456
1995	10	24	145.4071918
1995	10	25	95.40256147
1995	10	26	95.40256147
1995	10	27	96.79582522
1995	10	28	96.79582522
1995	10	29	95.40256147
1995	10	30	95.40256147
1995	10	31	95.40256147
1995	11	1	96.79582522
1995	11	2	95.40256147
1995	11	3	95.40256147
1995	11	4	111.5064798
1995	11	5	102.5088259
1995	11	6	78.52258066
1995	11	7	92.65748999
1995	11	8	105.450351
1995	11	9	105.450351
1995	11	10	95.40256147
1995	11	11	95.40256147
1995	11	12	102.5088259
1995	11	13	62.77216796
1995	11	14	99.62418547
1995	11	15	103.97244
1995	11	16	92.65748999
1995	11	17	89.96719164
1995	11	18	94.02314149
1995	11	19	64.87548476
1995	11	20	83.47713749
1995	11	21	87.33106552
1995	11	22	125.9987642
1995	11	23	94.02314149
1995	11	24	106.9426347
1995	11	25	106.9426347
1995	11	26	95.40256147
1995	11	27	94.02314149
1995	11	28	94.02314149
1995	11	29	89.96719164
1995	11	30	92.65748999
1995	12	1	92.65748999
1995	12	2	91.30553175
1995	12	3	92.65748999
1995	12	4	96.79582522
1995	12	5	92.65748999
1995	12	6	92.65748999
1995	12	7	91.30553175
1995	12	8	89.96719164
1995	12	9	89.96719164
1995	12	10	88.64239456
1995	12	11	87.33106552
1995	12	12	78.52258066
1995	12	13	82.21893184
1995	12	14	88.64239456
1995	12	15	89.96719164
1995	12	16	89.96719164
1995	12	17	89.96719164
1995	12	18	77.31630378
1995	12	19	91.30553175
1995	12	20	87.33106552
1995	12	21	89.96719164
1995	12	22	89.96719164
1995	12	23	87.33106552
1995	12	24	91.30553175
1995	12	25	89.96719164
1995	12	26	94.02314149
1995	12	27	89.96719164
1995	12	28	77.31630378
1995	12	29	87.33106552
1995	12	30	87.33106552
1995	12	31	88.64239456
