1986	1	1	39.300096
1986	1	2	36.839424
1986	1	3	36.839424
1986	1	4	40.551744
1986	1	5	36.839424
1986	1	6	36.839424
1986	1	7	38.062656
1986	1	8	38.062656
1986	1	9	38.062656
1986	1	10	38.062656
1986	1	11	36.839424
1986	1	12	33.254976
1986	1	13	34.435584
1986	1	14	33.254976
1986	1	15	34.435584
1986	1	16	39.300096
1986	1	17	41.8176
1986	1	18	41.8176
1986	1	19	40.551744
1986	1	20	36.839424
1986	1	21	34.435584
1986	1	22	33.254976
1986	1	23	30.936384
1986	1	24	30.936384
1986	1	25	29.7984
1986	1	26	28.674624
1986	1	27	27.565056
1986	1	28	27.565056
1986	1	29	26.469696
1986	1	30	26.469696
1986	1	31	26.469696
1986	2	1	26.469696
1986	2	2	27.565056
1986	2	3	27.565056
1986	2	4	27.565056
1986	2	5	27.565056
1986	2	6	27.565056
1986	2	7	26.469696
1986	2	8	25.388544
1986	2	9	24.3216
1986	2	10	23.268864
1986	2	11	23.268864
1986	2	12	22.230336
1986	2	13	22.230336
1986	2	14	24.3216
1986	2	15	23.268864
1986	2	16	24.3216
1986	2	17	23.268864
1986	2	18	38.062656
1986	2	19	40.551744
1986	2	20	34.435584
1986	2	21	33.254976
1986	2	22	30.936384
1986	2	23	29.7984
1986	2	24	28.674624
1986	2	25	27.565056
1986	2	26	25.388544
1986	2	27	23.268864
1986	2	28	24.3216
1986	3	1	25.388544
1986	3	2	27.565056
1986	3	3	27.565056
1986	3	4	21.206016
1986	3	5	23.268864
1986	3	6	24.3216
1986	3	7	24.3216
1986	3	8	24.3216
1986	3	9	23.268864
1986	3	10	25.388544
1986	3	11	29.7984
1986	3	12	29.7984
1986	3	13	32.088576
1986	3	14	96.850944
1986	3	15	91.561536
1986	3	16	67.032576
1986	3	17	55.2576
1986	3	18	56.679744
1986	3	19	65.510976
1986	3	20	68.568384
1986	3	21	64.003584
1986	3	22	59.566656
1986	3	23	61.031424
1986	3	24	52.455936
1986	3	25	45.700416
1986	3	26	41.8176
1986	3	27	38.062656
1986	3	28	35.6304
1986	3	29	34.435584
1986	3	30	33.254976
1986	3	31	30.936384
1986	4	1	28.674624
1986	4	2	26.469696
1986	4	3	24.3216
1986	4	4	22.230336
1986	4	5	20.195904
1986	4	6	19.2
1986	4	7	19.2
1986	4	8	18.218304
1986	4	9	18.218304
1986	4	10	18.218304
1986	4	11	17.250816
1986	4	12	16.297536
1986	4	13	17.250816
1986	4	14	16.297536
1986	4	15	32.088576
1986	4	16	24.3216
1986	4	17	22.230336
1986	4	18	21.206016
1986	4	19	21.206016
1986	4	20	19.2
1986	4	21	18.218304
1986	4	22	19.2
1986	4	23	20.195904
1986	4	24	18.218304
1986	4	25	17.250816
1986	4	26	19.2
1986	4	27	22.230336
1986	4	28	25.388544
1986	4	29	23.268864
1986	4	30	18.218304
1986	5	1	25.388544
1986	5	2	30.936384
1986	5	3	24.3216
1986	5	4	20.195904
1986	5	5	20.195904
1986	5	6	18.218304
1986	5	7	14.4336
1986	5	8	12.626496
1986	5	9	11.744256
1986	5	10	10.876224
1986	5	11	10.876224
1986	5	12	10.876224
1986	5	13	15.358464
1986	5	14	109.690176
1986	5	15	47.023104
1986	5	16	33.254976
1986	5	17	27.565056
1986	5	18	25.388544
1986	5	19	2239.219312
1986	5	20	158.995776
1986	5	21	70.1184
1986	5	22	45.700416
1986	5	23	38.062656
1986	5	24	33.254976
1986	5	25	30.936384
1986	5	26	30.936384
1986	5	27	32.088576
1986	5	28	28.674624
1986	5	29	47.023104
1986	5	30	59.566656
1986	5	31	35.6304
1986	6	1	27.565056
1986	6	2	26.469696
1986	6	3	25.388544
1986	6	4	24.3216
1986	6	5	22.230336
1986	6	6	25.388544
1986	6	7	33.254976
1986	6	8	29.7984
1986	6	9	25.388544
1986	6	10	21.206016
1986	6	11	18.218304
1986	6	12	16.297536
1986	6	13	17.250816
1986	6	14	81.366336
1986	6	15	93.310464
1986	6	16	177.2496
1986	6	17	2919.226209
1986	6	18	98.642496
1986	6	19	56.679744
1986	6	20	38.062656
1986	6	21	34.435584
1986	6	22	33.254976
1986	6	23	125.216064
1986	6	24	4036.20898
1986	6	25	17804.22593
1986	6	26	4691.452411
1986	6	27	1863.967538
1986	6	28	174.918144
1986	6	29	2378.238179
1986	6	30	119.287296
1986	7	1	68.568384
1986	7	2	58.116096
1986	7	3	61.031424
1986	7	4	51.076416
1986	7	5	56.679744
1986	7	6	58.116096
1986	7	7	41.8176
1986	7	8	35.6304
1986	7	9	38.062656
1986	7	10	47.023104
1986	7	11	65.510976
1986	7	12	150.209856
1986	7	13	76.460544
1986	7	14	65.510976
1986	7	15	3475.504404
1986	7	16	3562.258923
1986	7	17	4201.117257
1986	7	18	2308.178631
1986	7	19	150.209856
1986	7	20	102.268224
1986	7	21	156.777984
1986	7	22	161.227776
1986	7	23	96.850944
1986	7	24	70.1184
1986	7	25	55.2576
1986	7	26	45.700416
1986	7	27	36.839424
1986	7	28	29.7984
1986	7	29	35.6304
1986	7	30	23.268864
1986	7	31	21.206016
1986	8	1	20.195904
1986	8	2	23.268864
1986	8	3	38.062656
1986	8	4	40.551744
1986	8	5	36.839424
1986	8	6	29.7984
1986	8	7	25.388544
1986	8	8	27.565056
1986	8	9	43.097664
1986	8	10	43.097664
1986	8	11	61.031424
1986	8	12	95.0736
1986	8	13	102.268224
1986	8	14	137.457216
1986	8	15	113.4864
1986	8	16	73.261056
1986	8	17	48.36
1986	8	18	39.300096
1986	8	19	32.088576
1986	8	20	32.088576
1986	8	21	40.551744
1986	8	22	29.7984
1986	8	23	26.469696
1986	8	24	25.388544
1986	8	25	24.3216
1986	8	26	25.388544
1986	8	27	26.469696
1986	8	28	5077.913524
1986	8	29	4947.306374
1986	8	30	184.329216
1986	8	31	93.310464
1986	9	1	70.1184
1986	9	2	105.950784
1986	9	3	145.902144
1986	9	4	83.030016
1986	9	5	64.003584
1986	9	6	55.2576
1986	9	7	52.455936
1986	9	8	47.023104
1986	9	9	84.707904
1986	9	10	163.473984
1986	9	11	95.0736
1986	9	12	73.261056
1986	9	13	61.031424
1986	9	14	53.849664
1986	9	15	48.36
1986	9	16	44.391936
1986	9	17	35.6304
1986	9	18	38.062656
1986	9	19	-7.190016
1986	9	20	76.460544
1986	9	21	6603.008202
1986	9	22	2726.097264
1986	9	23	133.32
1986	9	24	93.310464
1986	9	25	74.853696
1986	9	26	64.003584
1986	9	27	56.679744
1986	9	28	51.076416
1986	9	29	48.36
1986	9	30	43.097664
1986	10	1	43.097664
1986	10	2	43.097664
1986	10	3	39.300096
1986	10	4	38.062656
1986	10	5	36.839424
1986	10	6	35.6304
1986	10	7	34.435584
1986	10	8	34.435584
1986	10	9	34.435584
1986	10	10	53.849664
1986	10	11	79.716864
1986	10	12	56.679744
1986	10	13	44.391936
1986	10	14	40.551744
1986	10	15	38.062656
1986	10	16	36.839424
1986	10	17	39.300096
1986	10	18	33.254976
1986	10	19	34.435584
1986	10	20	33.254976
1986	10	21	41.8176
1986	10	22	41.8176
1986	10	23	35.6304
1986	10	24	49.711104
1986	10	25	52.455936
1986	10	26	44.391936
1986	10	27	39.300096
1986	10	28	34.435584
1986	10	29	34.435584
1986	10	30	33.254976
1986	10	31	32.088576
1986	11	1	29.7984
1986	11	2	28.674624
1986	11	3	27.565056
1986	11	4	26.469696
1986	11	5	27.565056
1986	11	6	27.565056
1986	11	7	27.565056
1986	11	8	26.469696
1986	11	9	27.565056
1986	11	10	27.565056
1986	11	11	26.469696
1986	11	12	25.388544
1986	11	13	32.088576
1986	11	14	30.936384
1986	11	15	28.674624
1986	11	16	27.565056
1986	11	17	26.469696
1986	11	18	25.388544
1986	11	19	24.3216
1986	11	20	23.268864
1986	11	21	22.230336
1986	11	22	23.268864
1986	11	23	22.230336
1986	11	24	20.195904
1986	11	25	23.268864
1986	11	26	22.230336
1986	11	27	21.206016
1986	11	28	21.206016
1986	11	29	21.206016
1986	11	30	21.206016
1986	12	1	20.195904
1986	12	2	20.195904
1986	12	3	20.195904
1986	12	4	20.195904
1986	12	5	21.206016
1986	12	6	21.206016
1986	12	7	21.206016
1986	12	8	20.195904
1986	12	9	20.195904
1986	12	10	19.2
1986	12	11	20.195904
1986	12	12	22.230336
1986	12	13	21.206016
1986	12	14	40.551744
1986	12	15	51.076416
1986	12	16	39.300096
1986	12	17	38.062656
1986	12	18	43.097664
1986	12	19	49.711104
1986	12	20	48.36
1986	12	21	43.097664
1986	12	22	39.300096
1986	12	23	36.839424
1986	12	24	34.435584
1986	12	25	30.936384
1986	12	26	24.3216
1986	12	27	26.469696
1986	12	28	26.469696
1986	12	29	25.388544
1986	12	30	25.388544
1986	12	31	25.388544
1987	1	1	26.469696
1987	1	2	40.551744
1987	1	3	58.116096
1987	1	4	49.711104
1987	1	5	41.8176
1987	1	6	56.679744
1987	1	7	44.391936
1987	1	8	39.300096
1987	1	9	38.062656
1987	1	10	38.062656
1987	1	11	30.936384
1987	1	12	29.7984
1987	1	13	28.674624
1987	1	14	27.565056
1987	1	15	30.936384
1987	1	16	45.700416
1987	1	17	81.366336
1987	1	18	67.032576
1987	1	19	53.849664
1987	1	20	49.711104
1987	1	21	51.076416
1987	1	22	48.36
1987	1	23	67.032576
1987	1	24	70.1184
1987	1	25	58.116096
1987	1	26	49.711104
1987	1	27	45.700416
1987	1	28	43.097664
1987	1	29	39.300096
1987	1	30	38.062656
1987	1	31	35.6304
1987	2	1	32.088576
1987	2	2	33.254976
1987	2	3	30.936384
1987	2	4	30.936384
1987	2	5	30.936384
1987	2	6	29.7984
1987	2	7	32.088576
1987	2	8	30.936384
1987	2	9	29.7984
1987	2	10	30.936384
1987	2	11	44.391936
1987	2	12	71.682624
1987	2	13	67.032576
1987	2	14	65.510976
1987	2	15	62.5104
1987	2	16	53.849664
1987	2	17	52.455936
1987	2	18	53.849664
1987	2	19	51.076416
1987	2	20	43.097664
1987	2	21	41.8176
1987	2	22	38.062656
1987	2	23	38.062656
1987	2	24	33.254976
1987	2	25	32.088576
1987	2	26	30.936384
1987	2	27	29.7984
1987	2	28	28.674624
1987	3	1	28.674624
1987	3	2	27.565056
1987	3	3	26.469696
1987	3	4	25.388544
1987	3	5	26.469696
1987	3	6	25.388544
1987	3	7	32.088576
1987	3	8	33.254976
1987	3	9	32.088576
1987	3	10	30.936384
1987	3	11	35.6304
1987	3	12	36.839424
1987	3	13	32.088576
1987	3	14	34.435584
1987	3	15	32.088576
1987	3	16	30.936384
1987	3	17	28.674624
1987	3	18	26.469696
1987	3	19	32.088576
1987	3	20	33.254976
1987	3	21	29.7984
1987	3	22	28.674624
1987	3	23	45.700416
1987	3	24	95.0736
1987	3	25	89.826816
1987	3	26	71.682624
1987	3	27	62.5104
1987	3	28	53.849664
1987	3	29	47.023104
1987	3	30	40.551744
1987	3	31	36.839424
1987	4	1	34.435584
1987	4	2	30.936384
1987	4	3	29.7984
1987	4	4	29.7984
1987	4	5	26.469696
1987	4	6	26.469696
1987	4	7	30.936384
1987	4	8	24.3216
1987	4	9	21.206016
1987	4	10	23.268864
1987	4	11	21.206016
1987	4	12	19.2
1987	4	13	18.218304
1987	4	14	17.250816
1987	4	15	18.218304
1987	4	16	17.250816
1987	4	17	17.250816
1987	4	18	16.297536
1987	4	19	15.358464
1987	4	20	16.297536
1987	4	21	44.391936
1987	4	22	96.850944
1987	4	23	93.310464
1987	4	24	71.682624
1987	4	25	51.076416
1987	4	26	44.391936
1987	4	27	40.551744
1987	4	28	27.565056
1987	4	29	22.230336
1987	4	30	39.300096
1987	5	1	59.566656
1987	5	2	68.568384
1987	5	3	78.0816
1987	5	4	58.116096
1987	5	5	48.36
1987	5	6	36.839424
1987	5	7	32.088576
1987	5	8	30.936384
1987	5	9	24.3216
1987	5	10	20.195904
1987	5	11	73.261056
1987	5	12	102.268224
1987	5	13	64.003584
1987	5	14	61.031424
1987	5	15	48.36
1987	5	16	38.062656
1987	5	17	34.435584
1987	5	18	29.7984
1987	5	19	26.469696
1987	5	20	23.268864
1987	5	21	23.268864
1987	5	22	32.088576
1987	5	23	43.097664
1987	5	24	33.254976
1987	5	25	27.565056
1987	5	26	28.674624
1987	5	27	27.565056
1987	5	28	24.3216
1987	5	29	21.206016
1987	5	30	22.230336
1987	5	31	21.206016
1987	6	1	30.936384
1987	6	2	2104.594503
1987	6	3	2205.151705
1987	6	4	74.853696
1987	6	5	49.711104
1987	6	6	40.551744
1987	6	7	64.003584
1987	6	8	1990.391349
1987	6	9	127.220736
1987	6	10	83.030016
1987	6	11	56.679744
1987	6	12	39.300096
1987	6	13	36.839424
1987	6	14	35.6304
1987	6	15	34.435584
1987	6	16	32.088576
1987	6	17	35.6304
1987	6	18	29.7984
1987	6	19	36.839424
1987	6	20	47.023104
1987	6	21	45.700416
1987	6	22	45.700416
1987	6	23	38.062656
1987	6	24	36.839424
1987	6	25	36.839424
1987	6	26	30.936384
1987	6	27	26.469696
1987	6	28	26.469696
1987	6	29	26.469696
1987	6	30	27.565056
1987	7	1	28.674624
1987	7	2	33.254976
1987	7	3	38.062656
1987	7	4	39.300096
1987	7	5	38.062656
1987	7	6	36.839424
1987	7	7	29.7984
1987	7	8	23.268864
1987	7	9	22.230336
1987	7	10	24.3216
1987	7	11	96.850944
1987	7	12	1848.470934
1987	7	13	4321.035678
1987	7	14	4153.646381
1987	7	15	5785.977914
1987	7	16	13185.22882
1987	7	17	4106.458969
1987	7	18	139.547136
1987	7	19	95.0736
1987	7	20	71.682624
1987	7	21	58.116096
1987	7	22	131.272704
1987	7	23	6452.948132
1987	7	24	6393.431609
1987	7	25	5842.458546
1987	7	26	9144.275943
1987	7	27	4130.017253
1987	7	28	2503.494876
1987	7	29	1974.349816
1987	7	30	104.1024
1987	7	31	70.1184
1987	8	1	62.5104
1987	8	2	95.0736
1987	8	3	107.813376
1987	8	4	111.581184
1987	8	5	161.227776
1987	8	6	111.581184
1987	8	7	127.220736
1987	8	8	2022.679178
1987	8	9	123.2256
1987	8	10	88.106304
1987	8	11	78.0816
1987	8	12	62.5104
1987	8	13	52.455936
1987	8	14	47.023104
1987	8	15	45.700416
1987	8	16	2919.226209
1987	8	17	5183.687911
1987	8	18	2841.140825
1987	8	19	150.209856
1987	8	20	84.707904
1987	8	21	3411.175918
1987	8	22	3650.138405
1987	8	23	1958.376498
1987	8	24	154.5744
1987	8	25	2539.903577
1987	8	26	184.329216
1987	8	27	102.268224
1987	8	28	139.547136
1987	8	29	172.600896
1987	8	30	184.329216
1987	8	31	4691.452411
1987	9	1	3263.530466
1987	9	2	143.7696
1987	9	3	95.0736
1987	9	4	74.853696
1987	9	5	115.405824
1987	9	6	1863.967538
1987	9	7	113.4864
1987	9	8	81.366336
1987	9	9	68.568384
1987	9	10	62.5104
1987	9	11	65.510976
1987	9	12	59.566656
1987	9	13	70.1184
1987	9	14	70.1184
1987	9	15	55.2576
1987	9	16	40.551744
1987	9	17	39.300096
1987	9	18	38.062656
1987	9	19	35.6304
1987	9	20	34.435584
1987	9	21	35.6304
1987	9	22	35.6304
1987	9	23	34.435584
1987	9	24	35.6304
1987	9	25	35.6304
1987	9	26	29.7984
1987	9	27	32.088576
1987	9	28	29.7984
1987	9	29	28.674624
1987	9	30	27.565056
1987	10	1	27.565056
1987	10	2	25.388544
1987	10	3	23.268864
1987	10	4	21.206016
1987	10	5	20.195904
1987	10	6	23.268864
1987	10	7	19.2
1987	10	8	16.297536
1987	10	9	16.297536
1987	10	10	16.297536
1987	10	11	17.250816
1987	10	12	17.250816
1987	10	13	17.250816
1987	10	14	17.250816
1987	10	15	18.218304
1987	10	16	18.218304
1987	10	17	17.250816
1987	10	18	17.250816
1987	10	19	17.250816
1987	10	20	17.250816
1987	10	21	18.218304
1987	10	22	15.358464
1987	10	23	15.358464
1987	10	24	15.358464
1987	10	25	14.4336
1987	10	26	14.4336
1987	10	27	14.4336
1987	10	28	14.4336
1987	10	29	12.626496
1987	10	30	26.469696
1987	10	31	64.003584
1987	11	1	53.849664
1987	11	2	71.682624
1987	11	3	70.1184
1987	11	4	49.711104
1987	11	5	39.300096
1987	11	6	33.254976
1987	11	7	29.7984
1987	11	8	29.7984
1987	11	9	26.469696
1987	11	10	24.3216
1987	11	11	23.268864
1987	11	12	25.388544
1987	11	13	22.230336
1987	11	14	21.206016
1987	11	15	20.195904
1987	11	16	19.2
1987	11	17	19.2
1987	11	18	18.218304
1987	11	19	18.218304
1987	11	20	17.250816
1987	11	21	17.250816
1987	11	22	15.358464
1987	11	23	13.522944
1987	11	24	16.297536
1987	11	25	16.297536
1987	11	26	20.195904
1987	11	27	30.936384
1987	11	28	52.455936
1987	11	29	51.076416
1987	11	30	40.551744
1987	12	1	34.435584
1987	12	2	30.936384
1987	12	3	28.674624
1987	12	4	27.565056
1987	12	5	25.388544
1987	12	6	24.3216
1987	12	7	22.230336
1987	12	8	21.206016
1987	12	9	20.195904
1987	12	10	19.2
1987	12	11	19.2
1987	12	12	20.195904
1987	12	13	18.218304
1987	12	14	17.250816
1987	12	15	16.297536
1987	12	16	16.297536
1987	12	17	15.358464
1987	12	18	15.358464
1987	12	19	14.4336
1987	12	20	15.358464
1987	12	21	16.297536
1987	12	22	14.4336
1987	12	23	15.358464
1987	12	24	13.522944
1987	12	25	12.626496
1987	12	26	13.522944
1987	12	27	14.4336
1987	12	28	15.358464
1987	12	29	14.4336
1987	12	30	14.4336
1987	12	31	14.4336
1988	1	1	11.744256
1988	1	2	11.744256
1988	1	3	11.744256
1988	1	4	14.4336
1988	1	5	14.4336
1988	1	6	13.522944
1988	1	7	14.4336
1988	1	8	13.522944
1988	1	9	15.358464
1988	1	10	12.626496
1988	1	11	11.744256
1988	1	12	12.626496
1988	1	13	11.744256
1988	1	14	12.626496
1988	1	15	15.358464
1988	1	16	16.297536
1988	1	17	15.358464
1988	1	18	14.4336
1988	1	19	13.522944
1988	1	20	12.626496
1988	1	21	13.522944
1988	1	22	14.4336
1988	1	23	14.4336
1988	1	24	15.358464
1988	1	25	15.358464
1988	1	26	17.250816
1988	1	27	15.358464
1988	1	28	14.4336
1988	1	29	14.4336
1988	1	30	14.4336
1988	1	31	13.522944
1988	2	1	12.626496
1988	2	2	13.522944
1988	2	3	12.626496
1988	2	4	12.626496
1988	2	5	13.522944
1988	2	6	11.744256
1988	2	7	10.876224
1988	2	8	10.876224
1988	2	9	11.744256
1988	2	10	11.744256
1988	2	11	10.876224
1988	2	12	10.0224
1988	2	13	10.876224
1988	2	14	12.626496
1988	2	15	12.626496
1988	2	16	11.744256
1988	2	17	10.876224
1988	2	18	10.0224
1988	2	19	10.0224
1988	2	20	9.182784
1988	2	21	9.182784
1988	2	22	9.182784
1988	2	23	10.0224
1988	2	24	10.876224
1988	2	25	11.744256
1988	2	26	10.876224
1988	2	27	10.0224
1988	2	28	10.0224
1988	2	29	10.876224
1988	3	1	10.0224
1988	3	2	9.182784
1988	3	3	9.182784
1988	3	4	8.357376
1988	3	5	8.357376
1988	3	6	7.546176
1988	3	7	9.182784
1988	3	8	10.0224
1988	3	9	10.876224
1988	3	10	10.0224
1988	3	11	11.744256
1988	3	12	19.2
1988	3	13	22.230336
1988	3	14	27.565056
1988	3	15	34.435584
1988	3	16	30.936384
1988	3	17	30.936384
1988	3	18	28.674624
1988	3	19	26.469696
1988	3	20	23.268864
1988	3	21	21.206016
1988	3	22	24.3216
1988	3	23	25.388544
1988	3	24	19.2
1988	3	25	14.4336
1988	3	26	12.626496
1988	3	27	12.626496
1988	3	28	12.626496
1988	3	29	11.744256
1988	3	30	11.744256
1988	3	31	10.876224
1988	4	1	11.744256
1988	4	2	10.0224
1988	4	3	9.182784
1988	4	4	8.357376
1988	4	5	8.357376
1988	4	6	8.357376
1988	4	7	8.357376
1988	4	8	6.749184
1988	4	9	6.749184
1988	4	10	5.9664
1988	4	11	5.9664
1988	4	12	25.388544
1988	4	13	16.297536
1988	4	14	9.182784
1988	4	15	6.749184
1988	4	16	9.182784
1988	4	17	10.876224
1988	4	18	19.2
1988	4	19	22.230336
1988	4	20	24.3216
1988	4	21	20.195904
1988	4	22	17.250816
1988	4	23	16.297536
1988	4	24	15.358464
1988	4	25	13.522944
1988	4	26	12.626496
1988	4	27	11.744256
1988	4	28	11.744256
1988	4	29	10.0224
1988	4	30	9.182784
1988	5	1	8.357376
1988	5	2	7.546176
1988	5	3	19.2
1988	5	4	11.744256
1988	5	5	10.876224
1988	5	6	8.357376
1988	5	7	86.4
1988	5	8	139.547136
1988	5	9	64.003584
1988	5	10	47.023104
1988	5	11	41.8176
1988	5	12	32.088576
1988	5	13	26.469696
1988	5	14	21.206016
1988	5	15	24.3216
1988	5	16	21.206016
1988	5	17	18.218304
1988	5	18	14.4336
1988	5	19	15.358464
1988	5	20	19.2
1988	5	21	20.195904
1988	5	22	28.674624
1988	5	23	34.435584
1988	5	24	26.469696
1988	5	25	20.195904
1988	5	26	17.250816
1988	5	27	15.358464
1988	5	28	14.4336
1988	5	29	13.522944
1988	5	30	13.522944
1988	5	31	15.358464
1988	6	1	41.8176
1988	6	2	62.5104
1988	6	3	40.551744
1988	6	4	25.388544
1988	6	5	21.206016
1988	6	6	17.250816
1988	6	7	16.297536
1988	6	8	17.250816
1988	6	9	15.358464
1988	6	10	13.522944
1988	6	11	13.522944
1988	6	12	15.358464
1988	6	13	15.358464
1988	6	14	12.626496
1988	6	15	10.876224
1988	6	16	10.876224
1988	6	17	10.876224
1988	6	18	11.744256
1988	6	19	13.522944
1988	6	20	13.522944
1988	6	21	21.206016
1988	6	22	52.455936
1988	6	23	32.088576
1988	6	24	30.936384
1988	6	25	26.469696
1988	6	26	22.230336
1988	6	27	20.195904
1988	6	28	17.250816
1988	6	29	93.310464
1988	6	30	172.600896
1988	7	1	65.510976
1988	7	2	39.300096
1988	7	3	25.388544
1988	7	4	16.297536
1988	7	5	14.4336
1988	7	6	14.4336
1988	7	7	13.522944
1988	7	8	11.744256
1988	7	9	10.876224
1988	7	10	10.876224
1988	7	11	10.876224
1988	7	12	9.182784
1988	7	13	7.546176
1988	7	14	1817.681656
1988	7	15	3221.976352
1988	7	16	1942.471369
1988	7	17	3829.277869
1988	7	18	3584.123273
1988	7	19	102.268224
1988	7	20	64.003584
1988	7	21	41.8176
1988	7	22	30.936384
1988	7	23	45.700416
1988	7	24	44.391936
1988	7	25	59.566656
1988	7	26	139.547136
1988	7	27	2104.594503
1988	7	28	113.4864
1988	7	29	62.5104
1988	7	30	38.062656
1988	7	31	28.674624
1988	8	1	22.230336
1988	8	2	16.297536
1988	8	3	14.4336
1988	8	4	12.626496
1988	8	5	16.297536
1988	8	6	18.218304
1988	8	7	17.250816
1988	8	8	16.297536
1988	8	9	15.358464
1988	8	10	15.358464
1988	8	11	14.4336
1988	8	12	13.522944
1988	8	13	20.195904
1988	8	14	21.206016
1988	8	15	35.6304
1988	8	16	33.254976
1988	8	17	35.6304
1988	8	18	59.566656
1988	8	19	81.366336
1988	8	20	53.849664
1988	8	21	74.853696
1988	8	22	83.030016
1988	8	23	45.700416
1988	8	24	33.254976
1988	8	25	26.469696
1988	8	26	18.218304
1988	8	27	25.388544
1988	8	28	30.936384
1988	8	29	35.6304
1988	8	30	38.062656
1988	8	31	35.6304
1988	9	1	29.7984
1988	9	2	26.469696
1988	9	3	32.088576
1988	9	4	27.565056
1988	9	5	25.388544
1988	9	6	25.388544
1988	9	7	19.2
1988	9	8	13.522944
1988	9	9	10.876224
1988	9	10	14.4336
1988	9	11	25.388544
1988	9	12	33.254976
1988	9	13	28.674624
1988	9	14	24.3216
1988	9	15	24.3216
1988	9	16	22.230336
1988	9	17	21.206016
1988	9	18	20.195904
1988	9	19	18.218304
1988	9	20	20.195904
1988	9	21	20.195904
1988	9	22	18.218304
1988	9	23	17.250816
1988	9	24	16.297536
1988	9	25	16.297536
1988	9	26	15.358464
1988	9	27	13.522944
1988	9	28	12.626496
1988	9	29	11.744256
1988	9	30	12.626496
1988	10	1	15.358464
1988	10	2	17.250816
1988	10	3	16.297536
1988	10	4	14.4336
1988	10	5	12.626496
1988	10	6	13.522944
1988	10	7	10.876224
1988	10	8	8.357376
1988	10	9	9.182784
1988	10	10	9.182784
1988	10	11	9.182784
1988	10	12	8.357376
1988	10	13	9.182784
1988	10	14	9.182784
1988	10	15	9.182784
1988	10	16	8.357376
1988	10	17	7.546176
1988	10	18	11.744256
1988	10	19	9.182784
1988	10	20	7.546176
1988	10	21	6.749184
1988	10	22	6.749184
1988	10	23	5.9664
1988	10	24	5.9664
1988	10	25	5.9664
1988	10	26	5.197824
1988	10	27	5.197824
1988	10	28	5.197824
1988	10	29	5.197824
1988	10	30	5.197824
1988	10	31	5.197824
1988	11	1	5.197824
1988	11	2	5.197824
1988	11	3	5.197824
1988	11	4	4.443456
1988	11	5	4.443456
1988	11	6	5.197824
1988	11	7	5.197824
1988	11	8	5.197824
1988	11	9	5.197824
1988	11	10	7.546176
1988	11	11	5.9664
1988	11	12	5.197824
1988	11	13	4.443456
1988	11	14	3.703296
1988	11	15	3.703296
1988	11	16	3.703296
1988	11	17	3.703296
1988	11	18	3.703296
1988	11	19	3.703296
1988	11	20	3.703296
1988	11	21	4.443456
1988	11	22	3.703296
1988	11	23	4.443456
1988	11	24	7.546176
1988	11	25	5.9664
1988	11	26	5.197824
1988	11	27	5.9664
1988	11	28	5.197824
1988	11	29	7.546176
1988	11	30	7.546176
1988	12	1	6.749184
1988	12	2	6.749184
1988	12	3	5.197824
1988	12	4	4.443456
1988	12	5	5.197824
1988	12	6	4.443456
1988	12	7	4.443456
1988	12	8	5.197824
1988	12	9	5.197824
1988	12	10	5.197824
1988	12	11	5.197824
1988	12	12	5.197824
1988	12	13	5.9664
1988	12	14	5.197824
1988	12	15	5.197824
1988	12	16	4.443456
1988	12	17	4.443456
1988	12	18	5.9664
1988	12	19	6.749184
1988	12	20	6.749184
1988	12	21	6.749184
1988	12	22	6.749184
1988	12	23	6.749184
1988	12	24	5.9664
1988	12	25	6.749184
1988	12	26	6.749184
1988	12	27	5.9664
1988	12	28	4.443456
1988	12	29	4.443456
1988	12	30	4.443456
1988	12	31	5.197824
1989	1	1	5.197824
1989	1	2	5.197824
1989	1	3	5.197824
1989	1	4	4.443456
1989	1	5	3.703296
1989	1	6	3.703296
1989	1	7	10.0224
1989	1	8	16.297536
1989	1	9	15.358464
1989	1	10	12.626496
1989	1	11	11.744256
1989	1	12	20.195904
1989	1	13	28.674624
1989	1	14	28.674624
1989	1	15	28.674624
1989	1	16	28.674624
1989	1	17	33.254976
1989	1	18	39.300096
1989	1	19	48.36
1989	1	20	53.849664
1989	1	21	56.679744
1989	1	22	56.679744
1989	1	23	56.679744
1989	1	24	56.679744
1989	1	25	56.679744
1989	1	26	55.2576
1989	1	27	53.849664
1989	1	28	53.849664
1989	1	29	52.455936
1989	1	30	52.455936
1989	1	31	52.455936
1989	2	1	20.195904
1989	2	2	20.195904
1989	2	3	18.218304
1989	2	4	17.250816
1989	2	5	17.250816
1989	2	6	16.297536
1989	2	7	15.358464
1989	2	8	14.4336
1989	2	9	14.4336
1989	2	10	13.522944
1989	2	11	14.4336
1989	2	12	13.522944
1989	2	13	13.522944
1989	2	14	14.4336
1989	2	15	13.522944
1989	2	16	30.936384
1989	2	17	35.6304
1989	2	18	38.062656
1989	2	19	34.435584
1989	2	20	29.7984
1989	2	21	26.469696
1989	2	22	23.268864
1989	2	23	22.230336
1989	2	24	27.565056
1989	2	25	52.455936
1989	2	26	81.366336
1989	2	27	64.003584
1989	2	28	58.116096
1989	3	1	52.455936
1989	3	2	44.391936
1989	3	3	51.076416
1989	3	4	88.106304
1989	3	5	78.0816
1989	3	6	62.5104
1989	3	7	48.36
1989	3	8	39.300096
1989	3	9	33.254976
1989	3	10	30.936384
1989	3	11	26.469696
1989	3	12	25.388544
1989	3	13	23.268864
1989	3	14	24.3216
1989	3	15	22.230336
1989	3	16	21.206016
1989	3	17	19.2
1989	3	18	18.218304
1989	3	19	18.218304
1989	3	20	16.297536
1989	3	21	14.4336
1989	3	22	14.4336
1989	3	23	12.626496
1989	3	24	23.268864
1989	3	25	25.388544
1989	3	26	22.230336
1989	3	27	21.206016
1989	3	28	19.2
1989	3	29	18.218304
1989	3	30	16.297536
1989	3	31	20.195904
1989	4	1	13.522944
1989	4	2	14.4336
1989	4	3	12.626496
1989	4	4	11.744256
1989	4	5	10.876224
1989	4	6	10.876224
1989	4	7	10.0224
1989	4	8	9.182784
1989	4	9	6.749184
1989	4	10	5.9664
1989	4	11	5.9664
1989	4	12	5.197824
1989	4	13	5.197824
1989	4	14	5.9664
1989	4	15	12.626496
1989	4	16	18.218304
1989	4	17	12.626496
1989	4	18	9.182784
1989	4	19	8.357376
1989	4	20	7.546176
1989	4	21	7.546176
1989	4	22	5.9664
1989	4	23	5.9664
1989	4	24	6.749184
1989	4	25	5.9664
1989	4	26	4.443456
1989	4	27	3.703296
1989	4	28	2.977344
1989	4	29	2.2656
1989	4	30	2.2656
1989	5	1	2.977344
1989	5	2	2.2656
1989	5	3	2.2656
1989	5	4	0.884736
1989	5	5	0.884736
1989	5	6	2.2656
1989	5	7	2.977344
1989	5	8	1.568064
1989	5	9	0.884736
1989	5	10	0.884736
1989	5	11	10.0224
1989	5	12	10.876224
1989	5	13	9.182784
1989	5	14	5.9664
1989	5	15	4.443456
1989	5	16	3.703296
1989	5	17	2.977344
1989	5	18	2.977344
1989	5	19	3.703296
1989	5	20	4.443456
1989	5	21	6.749184
1989	5	22	7.546176
1989	5	23	8.357376
1989	5	24	7.546176
1989	5	25	7.546176
1989	5	26	9.182784
1989	5	27	8.357376
1989	5	28	7.546176
1989	5	29	6.749184
1989	5	30	5.9664
1989	5	31	5.197824
1989	6	1	4.443456
1989	6	2	2.2656
1989	6	3	0.884736
1989	6	4	2.977344
1989	6	5	36.839424
1989	6	6	56.679744
1989	6	7	33.254976
1989	6	8	135.381504
1989	6	9	2308.178631
1989	6	10	102.268224
1989	6	11	55.2576
1989	6	12	35.6304
1989	6	13	24.3216
1989	6	14	2576.588687
1989	6	15	3518.741131
1989	6	16	121.249344
1989	6	17	70.1184
1989	6	18	43.097664
1989	6	19	30.936384
1989	6	20	30.936384
1989	6	21	32.088576
1989	6	22	26.469696
1989	6	23	24.3216
1989	6	24	24.3216
1989	6	25	30.936384
1989	6	26	36.839424
1989	6	27	44.391936
1989	6	28	59.566656
1989	6	29	48.36
1989	6	30	29.7984
1989	7	1	39.300096
1989	7	2	61.031424
1989	7	3	47.023104
1989	7	4	35.6304
1989	7	5	35.6304
1989	7	6	27.565056
1989	7	7	28.674624
1989	7	8	1958.376498
1989	7	9	3672.284216
1989	7	10	129.239616
1989	7	11	148.048896
1989	7	12	2576.588687
1989	7	13	1895.164822
1989	7	14	104.1024
1989	7	15	129.239616
1989	7	16	3672.284216
1989	7	17	2632.135064
1989	7	18	107.813376
1989	7	19	73.261056
1989	7	20	51.076416
1989	7	21	38.062656
1989	7	22	29.7984
1989	7	23	25.388544
1989	7	24	21.206016
1989	7	25	12164.56063
1989	7	26	28465.12318
1989	7	27	15450.91379
1989	7	28	8068.950742
1989	7	29	3058.556027
1989	7	30	107.813376
1989	7	31	71.682624
1989	8	1	48.36
1989	8	2	35.6304
1989	8	3	27.565056
1989	8	4	22.230336
1989	8	5	16.297536
1989	8	6	10.876224
1989	8	7	7.546176
1989	8	8	6.749184
1989	8	9	5.197824
1989	8	10	5.9664
1989	8	11	7.546176
1989	8	12	10.0224
1989	8	13	38.062656
1989	8	14	96.850944
1989	8	15	109.690176
1989	8	16	48.36
1989	8	17	29.7984
1989	8	18	23.268864
1989	8	19	19.2
1989	8	20	45.700416
1989	8	21	4491.904423
1989	8	22	8373.863109
1989	8	23	7001.660203
1989	8	24	1990.391349
1989	8	25	133.32
1989	8	26	76.460544
1989	8	27	65.510976
1989	8	28	41.8176
1989	8	29	41.8176
1989	8	30	70.1184
1989	8	31	64.003584
1989	9	1	58.116096
1989	9	2	43.097664
1989	9	3	34.435584
1989	9	4	26.469696
1989	9	5	25.388544
1989	9	6	25.388544
1989	9	7	26.469696
1989	9	8	34.435584
1989	9	9	131.272704
1989	9	10	117.339456
1989	9	11	148.048896
1989	9	12	139.547136
1989	9	13	115.405824
1989	9	14	2378.238179
1989	9	15	2802.515231
1989	9	16	3432.548562
1989	9	17	1910.865559
1989	9	18	109.690176
1989	9	19	86.4
1989	9	20	65.510976
1989	9	21	51.076416
1989	9	22	43.097664
1989	9	23	36.839424
1989	9	24	32.088576
1989	9	25	30.936384
1989	9	26	29.7984
1989	9	27	34.435584
1989	9	28	38.062656
1989	9	29	30.936384
1989	9	30	27.565056
1989	10	1	26.469696
1989	10	2	24.3216
1989	10	3	23.268864
1989	10	4	20.195904
1989	10	5	21.206016
1989	10	6	19.2
1989	10	7	18.218304
1989	10	8	17.250816
1989	10	9	15.358464
1989	10	10	15.358464
1989	10	11	13.522944
1989	10	12	16.297536
1989	10	13	17.250816
1989	10	14	13.522944
1989	10	15	13.522944
1989	10	16	13.522944
1989	10	17	12.626496
1989	10	18	11.744256
1989	10	19	10.876224
1989	10	20	11.744256
1989	10	21	10.876224
1989	10	22	10.876224
1989	10	23	10.876224
1989	10	24	11.744256
1989	10	25	10.0224
1989	10	26	10.0224
1989	10	27	10.876224
1989	10	28	10.0224
1989	10	29	12.626496
1989	10	30	13.522944
1989	10	31	13.522944
1989	11	1	13.522944
1989	11	2	11.744256
1989	11	3	10.876224
1989	11	4	10.876224
1989	11	5	12.626496
1989	11	6	21.206016
1989	11	7	18.218304
1989	11	8	27.565056
1989	11	9	30.936384
1989	11	10	25.388544
1989	11	11	20.195904
1989	11	12	18.218304
1989	11	13	17.250816
1989	11	14	15.358464
1989	11	15	15.358464
1989	11	16	15.358464
1989	11	17	13.522944
1989	11	18	13.522944
1989	11	19	14.4336
1989	11	20	13.522944
1989	11	21	12.626496
1989	11	22	11.744256
1989	11	23	10.876224
1989	11	24	11.744256
1989	11	25	10.876224
1989	11	26	10.876224
1989	11	27	10.876224
1989	11	28	10.0224
1989	11	29	12.626496
1989	11	30	13.522944
1989	12	1	12.626496
1989	12	2	11.744256
1989	12	3	10.876224
1989	12	4	10.876224
1989	12	5	10.876224
1989	12	6	10.0224
1989	12	7	10.876224
1989	12	8	10.0224
1989	12	9	10.876224
1989	12	10	10.0224
1989	12	11	10.0224
1989	12	12	10.0224
1989	12	13	8.357376
1989	12	14	10.0224
1989	12	15	10.0224
1989	12	16	9.182784
1989	12	17	8.357376
1989	12	18	8.357376
1989	12	19	8.357376
1989	12	20	8.357376
1989	12	21	9.182784
1989	12	22	7.546176
1989	12	23	7.546176
1989	12	24	7.546176
1989	12	25	7.546176
1989	12	26	7.546176
1989	12	27	6.749184
1989	12	28	6.749184
1989	12	29	6.749184
1989	12	30	6.749184
1989	12	31	6.749184
1990	1	1	6.749184
1990	1	2	6.749184
1990	1	3	7.546176
1990	1	4	5.9664
1990	1	5	5.9664
1990	1	6	6.749184
1990	1	7	6.749184
1990	1	8	5.9664
1990	1	9	6.749184
1990	1	10	11.744256
1990	1	11	12.626496
1990	1	12	10.876224
1990	1	13	10.0224
1990	1	14	9.182784
1990	1	15	8.357376
1990	1	16	8.357376
1990	1	17	7.546176
1990	1	18	7.546176
1990	1	19	6.749184
1990	1	20	5.9664
1990	1	21	5.9664
1990	1	22	5.9664
1990	1	23	5.197824
1990	1	24	5.9664
1990	1	25	5.9664
1990	1	26	5.9664
1990	1	27	7.546176
1990	1	28	9.182784
1990	1	29	11.744256
1990	1	30	13.522944
1990	1	31	15.358464
1990	2	1	14.4336
1990	2	2	14.4336
1990	2	3	12.626496
1990	2	4	14.4336
1990	2	5	13.522944
1990	2	6	12.626496
1990	2	7	11.744256
1990	2	8	11.744256
1990	2	9	10.876224
1990	2	10	25.388544
1990	2	11	35.6304
1990	2	12	33.254976
1990	2	13	27.565056
1990	2	14	26.469696
1990	2	15	27.565056
1990	2	16	28.674624
1990	2	17	26.469696
1990	2	18	25.388544
1990	2	19	32.088576
1990	2	20	30.936384
1990	2	21	27.565056
1990	2	22	52.455936
1990	2	23	100.448256
1990	2	24	111.581184
1990	2	25	95.0736
1990	2	26	76.460544
1990	2	27	58.116096
1990	2	28	49.711104
1990	3	1	38.062656
1990	3	2	33.254976
1990	3	3	29.7984
1990	3	4	26.469696
1990	3	5	25.388544
1990	3	6	23.268864
1990	3	7	20.195904
1990	3	8	18.218304
1990	3	9	17.250816
1990	3	10	15.358464
1990	3	11	22.230336
1990	3	12	22.230336
1990	3	13	18.218304
1990	3	14	19.2
1990	3	15	20.195904
1990	3	16	17.250816
1990	3	17	16.297536
1990	3	18	15.358464
1990	3	19	14.4336
1990	3	20	13.522944
1990	3	21	12.626496
1990	3	22	12.626496
1990	3	23	15.358464
1990	3	24	17.250816
1990	3	25	21.206016
1990	3	26	17.250816
1990	3	27	14.4336
1990	3	28	22.230336
1990	3	29	35.6304
1990	3	30	36.839424
1990	3	31	38.062656
1990	4	1	35.6304
1990	4	2	36.839424
1990	4	3	35.6304
1990	4	4	36.839424
1990	4	5	33.254976
1990	4	6	29.7984
1990	4	7	26.469696
1990	4	8	29.7984
1990	4	9	26.469696
1990	4	10	25.388544
1990	4	11	21.206016
1990	4	12	35.6304
1990	4	13	64.003584
1990	4	14	67.032576
1990	4	15	55.2576
1990	4	16	41.8176
1990	4	17	35.6304
1990	4	18	-4.625856
1990	4	19	26.469696
1990	4	20	35.6304
1990	4	21	41.8176
1990	4	22	61.031424
1990	4	23	93.310464
1990	4	24	73.261056
1990	4	25	59.566656
1990	4	26	45.700416
1990	4	27	36.839424
1990	4	28	30.936384
1990	4	29	26.469696
1990	4	30	22.230336
1990	5	1	26.469696
1990	5	2	33.254976
1990	5	3	45.700416
1990	5	4	49.711104
1990	5	5	41.8176
1990	5	6	33.254976
1990	5	7	34.435584
1990	5	8	43.097664
1990	5	9	45.700416
1990	5	10	40.551744
1990	5	11	32.088576
1990	5	12	27.565056
1990	5	13	24.3216
1990	5	14	17.250816
1990	5	15	13.522944
1990	5	16	11.744256
1990	5	17	20.195904
1990	5	18	61.031424
1990	5	19	68.568384
1990	5	20	48.36
1990	5	21	44.391936
1990	5	22	30.936384
1990	5	23	26.469696
1990	5	24	25.388544
1990	5	25	23.268864
1990	5	26	21.206016
1990	5	27	19.2
1990	5	28	17.250816
1990	5	29	17.250816
1990	5	30	21.206016
1990	5	31	52.455936
1990	6	1	59.566656
1990	6	2	32.088576
1990	6	3	24.3216
1990	6	4	22.230336
1990	6	5	25.388544
1990	6	6	23.268864
1990	6	7	18.218304
1990	6	8	26.469696
1990	6	9	41.8176
1990	6	10	32.088576
1990	6	11	22.230336
1990	6	12	17.250816
1990	6	13	13.522944
1990	6	14	14.4336
1990	6	15	17.250816
1990	6	16	28.674624
1990	6	17	22.230336
1990	6	18	16.297536
1990	6	19	39.300096
1990	6	20	5344.500104
1990	6	21	6158.26209
1990	6	22	2154.564755
1990	6	23	137.457216
1990	6	24	83.030016
1990	6	25	4921.39953
1990	6	26	6129.191479
1990	6	27	2171.358513
1990	6	28	1817.681656
1990	6	29	1848.470934
1990	6	30	119.287296
1990	7	1	78.0816
1990	7	2	73.261056
1990	7	3	83.030016
1990	7	4	62.5104
1990	7	5	41.8176
1990	7	6	34.435584
1990	7	7	32.088576
1990	7	8	25.388544
1990	7	9	24.3216
1990	7	10	23.268864
1990	7	11	3584.123273
1990	7	12	5051.648972
1990	7	13	152.385024
1990	7	14	184.329216
1990	7	15	2137.839518
1990	7	16	2038.92553
1990	7	17	143.7696
1990	7	18	113.4864
1990	7	19	131.272704
1990	7	20	100.448256
1990	7	21	64.003584
1990	7	22	41.8176
1990	7	23	32.088576
1990	7	24	25.388544
1990	7	25	21.206016
1990	7	26	19.2
1990	7	27	23.268864
1990	7	28	15.358464
1990	7	29	15.358464
1990	7	30	22.230336
1990	7	31	26.469696
1990	8	1	17.250816
1990	8	2	13.522944
1990	8	3	12.626496
1990	8	4	12.626496
1990	8	5	11.744256
1990	8	6	11.744256
1990	8	7	10.0224
1990	8	8	11.744256
1990	8	9	10.876224
1990	8	10	10.876224
1990	8	11	11.744256
1990	8	12	8.357376
1990	8	13	7.546176
1990	8	14	39.300096
1990	8	15	2055.240211
1990	8	16	1895.164822
1990	8	17	68.568384
1990	8	18	123.2256
1990	8	19	45.700416
1990	8	20	27.565056
1990	8	21	2978.52093
1990	8	22	3119.31478
1990	8	23	119.287296
1990	8	24	71.682624
1990	8	25	47.023104
1990	8	26	33.254976
1990	8	27	24.3216
1990	8	28	17.250816
1990	8	29	17.250816
1990	8	30	13.522944
1990	8	31	19.2
1990	9	1	73.261056
1990	9	2	100.448256
1990	9	3	70.1184
1990	9	4	44.391936
1990	9	5	33.254976
1990	9	6	44.391936
1990	9	7	55.2576
1990	9	8	43.097664
1990	9	9	32.088576
1990	9	10	25.388544
1990	9	11	27.565056
1990	9	12	44.391936
1990	9	13	49.711104
1990	9	14	68.568384
1990	9	15	65.510976
1990	9	16	70.1184
1990	9	17	47.023104
1990	9	18	35.6304
1990	9	19	29.7984
1990	9	20	24.3216
1990	9	21	21.206016
1990	9	22	19.2
1990	9	23	17.250816
1990	9	24	22.230336
1990	9	25	23.268864
1990	9	26	18.218304
1990	9	27	17.250816
1990	9	28	15.358464
1990	9	29	13.522944
1990	9	30	12.626496
1990	10	1	14.4336
1990	10	2	12.626496
1990	10	3	11.744256
1990	10	4	13.522944
1990	10	5	14.4336
1990	10	6	13.522944
1990	10	7	10.876224
1990	10	8	11.744256
1990	10	9	10.0224
1990	10	10	8.357376
1990	10	11	9.182784
1990	10	12	9.182784
1990	10	13	10.876224
1990	10	14	7.546176
1990	10	15	6.749184
1990	10	16	5.9664
1990	10	17	5.9664
1990	10	18	4.443456
1990	10	19	3.703296
1990	10	20	4.443456
1990	10	21	4.443456
1990	10	22	4.443456
1990	10	23	2.977344
1990	10	24	2.2656
1990	10	25	4.443456
1990	10	26	3.703296
1990	10	27	2.977344
1990	10	28	2.977344
1990	10	29	2.977344
1990	10	30	2.977344
1990	10	31	2.977344
1990	11	1	2.2656
1990	11	2	-1.706496
1990	11	3	2.2656
1990	11	4	2.2656
1990	11	5	2.2656
1990	11	6	1.568064
1990	11	7	0.884736
1990	11	8	2.977344
1990	11	9	4.443456
1990	11	10	5.9664
1990	11	11	5.197824
1990	11	12	5.197824
1990	11	13	5.197824
1990	11	14	3.703296
1990	11	15	2.977344
1990	11	16	2.977344
1990	11	17	2.977344
1990	11	18	2.977344
1990	11	19	9.182784
1990	11	20	19.2
1990	11	21	13.522944
1990	11	22	10.876224
1990	11	23	9.182784
1990	11	24	7.546176
1990	11	25	8.357376
1990	11	26	7.546176
1990	11	27	5.9664
1990	11	28	5.9664
1990	11	29	4.443456
1990	11	30	4.443456
1990	12	1	5.197824
1990	12	2	5.9664
1990	12	3	5.9664
1990	12	4	5.9664
1990	12	5	5.197824
1990	12	6	2.2656
1990	12	7	1.568064
1990	12	8	2.2656
1990	12	9	12.626496
1990	12	10	10.876224
1990	12	11	10.0224
1990	12	12	7.546176
1990	12	13	5.9664
1990	12	14	5.9664
1990	12	15	5.197824
1990	12	16	5.197824
1990	12	17	5.197824
1990	12	18	4.443456
1990	12	19	4.443456
1990	12	20	4.443456
1990	12	21	3.703296
1990	12	22	2.977344
1990	12	23	3.703296
1990	12	24	2.977344
1990	12	25	2.977344
1990	12	26	4.443456
1990	12	27	3.703296
1990	12	28	3.703296
1990	12	29	2.977344
1990	12	30	2.2656
1990	12	31	2.2656
1991	1	1	-9999
1991	1	2	-9999
1991	1	3	-9999
1991	1	4	-9999
1991	1	5	-9999
1991	1	6	-9999
1991	1	7	-9999
1991	1	8	-9999
1991	1	9	-9999
1991	1	10	-9999
1991	1	11	-9999
1991	1	12	-9999
1991	1	13	-9999
1991	1	14	-9999
1991	1	15	-9999
1991	1	16	-9999
1991	1	17	-9999
1991	1	18	-9999
1991	1	19	-9999
1991	1	20	-9999
1991	1	21	-9999
1991	1	22	-9999
1991	1	23	-9999
1991	1	24	-9999
1991	1	25	-9999
1991	1	26	-9999
1991	1	27	-9999
1991	1	28	-9999
1991	1	29	-9999
1991	1	30	-9999
1991	1	31	-9999
1991	2	1	-9999
1991	2	2	-9999
1991	2	3	-9999
1991	2	4	-9999
1991	2	5	-9999
1991	2	6	-9999
1991	2	7	-9999
1991	2	8	-9999
1991	2	9	-9999
1991	2	10	-9999
1991	2	11	-9999
1991	2	12	-9999
1991	2	13	-9999
1991	2	14	-9999
1991	2	15	-9999
1991	2	16	-9999
1991	2	17	-9999
1991	2	18	-9999
1991	2	19	-9999
1991	2	20	-9999
1991	2	21	-9999
1991	2	22	-9999
1991	2	23	-9999
1991	2	24	-9999
1991	2	25	-9999
1991	2	26	-9999
1991	2	27	-9999
1991	2	28	-9999
1991	3	1	-9999
1991	3	2	-9999
1991	3	3	-9999
1991	3	4	-9999
1991	3	5	-9999
1991	3	6	-9999
1991	3	7	-9999
1991	3	8	-9999
1991	3	9	-9999
1991	3	10	-9999
1991	3	11	-9999
1991	3	12	-9999
1991	3	13	-9999
1991	3	14	-9999
1991	3	15	-9999
1991	3	16	-9999
1991	3	17	-9999
1991	3	18	-9999
1991	3	19	-9999
1991	3	20	-9999
1991	3	21	-9999
1991	3	22	-9999
1991	3	23	-9999
1991	3	24	-9999
1991	3	25	-9999
1991	3	26	-9999
1991	3	27	-9999
1991	3	28	-9999
1991	3	29	-9999
1991	3	30	-9999
1991	3	31	-9999
1991	4	1	-9999
1991	4	2	-9999
1991	4	3	-9999
1991	4	4	-9999
1991	4	5	-9999
1991	4	6	-9999
1991	4	7	-9999
1991	4	8	-9999
1991	4	9	-9999
1991	4	10	-9999
1991	4	11	-9999
1991	4	12	-9999
1991	4	13	-9999
1991	4	14	-9999
1991	4	15	-9999
1991	4	16	-9999
1991	4	17	-9999
1991	4	18	-9999
1991	4	19	-9999
1991	4	20	-9999
1991	4	21	-9999
1991	4	22	-9999
1991	4	23	-9999
1991	4	24	-9999
1991	4	25	-9999
1991	4	26	-9999
1991	4	27	-9999
1991	4	28	-9999
1991	4	29	-9999
1991	4	30	-9999
1991	5	1	-9999
1991	5	2	-9999
1991	5	3	-9999
1991	5	4	-9999
1991	5	5	-9999
1991	5	6	-9999
1991	5	7	-9999
1991	5	8	-9999
1991	5	9	-9999
1991	5	10	-9999
1991	5	11	-9999
1991	5	12	-9999
1991	5	13	-9999
1991	5	14	-9999
1991	5	15	-9999
1991	5	16	-9999
1991	5	17	-9999
1991	5	18	-9999
1991	5	19	-9999
1991	5	20	-9999
1991	5	21	-9999
1991	5	22	-9999
1991	5	23	-9999
1991	5	24	-9999
1991	5	25	-9999
1991	5	26	-9999
1991	5	27	-9999
1991	5	28	-9999
1991	5	29	-9999
1991	5	30	-9999
1991	5	31	-9999
1991	6	1	-9999
1991	6	2	-9999
1991	6	3	-9999
1991	6	4	-9999
1991	6	5	-9999
1991	6	6	-9999
1991	6	7	-9999
1991	6	8	-9999
1991	6	9	-9999
1991	6	10	-9999
1991	6	11	-9999
1991	6	12	-9999
1991	6	13	-9999
1991	6	14	-9999
1991	6	15	-9999
1991	6	16	-9999
1991	6	17	-9999
1991	6	18	-9999
1991	6	19	-9999
1991	6	20	-9999
1991	6	21	-9999
1991	6	22	-9999
1991	6	23	-9999
1991	6	24	-9999
1991	6	25	-9999
1991	6	26	-9999
1991	6	27	-9999
1991	6	28	-9999
1991	6	29	-9999
1991	6	30	-9999
1991	7	1	-9999
1991	7	2	-9999
1991	7	3	-9999
1991	7	4	-9999
1991	7	5	-9999
1991	7	6	-9999
1991	7	7	-9999
1991	7	8	-9999
1991	7	9	-9999
1991	7	10	-9999
1991	7	11	-9999
1991	7	12	-9999
1991	7	13	-9999
1991	7	14	-9999
1991	7	15	-9999
1991	7	16	-9999
1991	7	17	-9999
1991	7	18	-9999
1991	7	19	-9999
1991	7	20	-9999
1991	7	21	-9999
1991	7	22	-9999
1991	7	23	-9999
1991	7	24	-9999
1991	7	25	-9999
1991	7	26	-9999
1991	7	27	-9999
1991	7	28	-9999
1991	7	29	-9999
1991	7	30	-9999
1991	7	31	-9999
1991	8	1	-9999
1991	8	2	-9999
1991	8	3	-9999
1991	8	4	-9999
1991	8	5	-9999
1991	8	6	-9999
1991	8	7	-9999
1991	8	8	-9999
1991	8	9	-9999
1991	8	10	-9999
1991	8	11	-9999
1991	8	12	-9999
1991	8	13	-9999
1991	8	14	-9999
1991	8	15	-9999
1991	8	16	-9999
1991	8	17	-9999
1991	8	18	-9999
1991	8	19	-9999
1991	8	20	-9999
1991	8	21	-9999
1991	8	22	-9999
1991	8	23	-9999
1991	8	24	-9999
1991	8	25	-9999
1991	8	26	-9999
1991	8	27	-9999
1991	8	28	-9999
1991	8	29	-9999
1991	8	30	-9999
1991	8	31	-9999
1991	9	1	-9999
1991	9	2	-9999
1991	9	3	-9999
1991	9	4	-9999
1991	9	5	-9999
1991	9	6	-9999
1991	9	7	-9999
1991	9	8	-9999
1991	9	9	-9999
1991	9	10	-9999
1991	9	11	-9999
1991	9	12	-9999
1991	9	13	-9999
1991	9	14	-9999
1991	9	15	-9999
1991	9	16	-9999
1991	9	17	-9999
1991	9	18	-9999
1991	9	19	-9999
1991	9	20	-9999
1991	9	21	-9999
1991	9	22	-9999
1991	9	23	-9999
1991	9	24	-9999
1991	9	25	-9999
1991	9	26	-9999
1991	9	27	-9999
1991	9	28	-9999
1991	9	29	-9999
1991	9	30	-9999
1991	10	1	-9999
1991	10	2	-9999
1991	10	3	-9999
1991	10	4	-9999
1991	10	5	-9999
1991	10	6	-9999
1991	10	7	-9999
1991	10	8	-9999
1991	10	9	-9999
1991	10	10	-9999
1991	10	11	-9999
1991	10	12	-9999
1991	10	13	-9999
1991	10	14	-9999
1991	10	15	-9999
1991	10	16	-9999
1991	10	17	-9999
1991	10	18	-9999
1991	10	19	-9999
1991	10	20	-9999
1991	10	21	-9999
1991	10	22	-9999
1991	10	23	-9999
1991	10	24	-9999
1991	10	25	-9999
1991	10	26	-9999
1991	10	27	-9999
1991	10	28	-9999
1991	10	29	-9999
1991	10	30	-9999
1991	10	31	-9999
1991	11	1	-9999
1991	11	2	-9999
1991	11	3	-9999
1991	11	4	-9999
1991	11	5	-9999
1991	11	6	-9999
1991	11	7	-9999
1991	11	8	-9999
1991	11	9	-9999
1991	11	10	-9999
1991	11	11	-9999
1991	11	12	-9999
1991	11	13	-9999
1991	11	14	-9999
1991	11	15	-9999
1991	11	16	-9999
1991	11	17	-9999
1991	11	18	-9999
1991	11	19	-9999
1991	11	20	-9999
1991	11	21	-9999
1991	11	22	-9999
1991	11	23	-9999
1991	11	24	-9999
1991	11	25	-9999
1991	11	26	-9999
1991	11	27	-9999
1991	11	28	-9999
1991	11	29	-9999
1991	11	30	-9999
1991	12	1	-9999
1991	12	2	-9999
1991	12	3	-9999
1991	12	4	-9999
1991	12	5	-9999
1991	12	6	-9999
1991	12	7	-9999
1991	12	8	-9999
1991	12	9	-9999
1991	12	10	-9999
1991	12	11	-9999
1991	12	12	-9999
1991	12	13	-9999
1991	12	14	-9999
1991	12	15	-9999
1991	12	16	-9999
1991	12	17	-9999
1991	12	18	-9999
1991	12	19	-9999
1991	12	20	-9999
1991	12	21	-9999
1991	12	22	-9999
1991	12	23	-9999
1991	12	24	-9999
1991	12	25	-9999
1991	12	26	-9999
1991	12	27	-9999
1991	12	28	-9999
1991	12	29	-9999
1991	12	30	-9999
1991	12	31	-9999
1992	1	1	-9999
1992	1	2	-9999
1992	1	3	-9999
1992	1	4	-9999
1992	1	5	-9999
1992	1	6	-9999
1992	1	7	-9999
1992	1	8	-9999
1992	1	9	-9999
1992	1	10	-9999
1992	1	11	-9999
1992	1	12	-9999
1992	1	13	-9999
1992	1	14	-9999
1992	1	15	-9999
1992	1	16	-9999
1992	1	17	-9999
1992	1	18	-9999
1992	1	19	-9999
1992	1	20	-9999
1992	1	21	-9999
1992	1	22	-9999
1992	1	23	-9999
1992	1	24	-9999
1992	1	25	-9999
1992	1	26	-9999
1992	1	27	-9999
1992	1	28	-9999
1992	1	29	-9999
1992	1	30	-9999
1992	1	31	-9999
1992	2	1	-9999
1992	2	2	-9999
1992	2	3	-9999
1992	2	4	-9999
1992	2	5	-9999
1992	2	6	-9999
1992	2	7	-9999
1992	2	8	-9999
1992	2	9	-9999
1992	2	10	-9999
1992	2	11	-9999
1992	2	12	-9999
1992	2	13	-9999
1992	2	14	-9999
1992	2	15	-9999
1992	2	16	-9999
1992	2	17	-9999
1992	2	18	-9999
1992	2	19	-9999
1992	2	20	-9999
1992	2	21	-9999
1992	2	22	-9999
1992	2	23	-9999
1992	2	24	-9999
1992	2	25	-9999
1992	2	26	-9999
1992	2	27	-9999
1992	2	28	-9999
1992	2	29	-9999
1992	3	1	-9999
1992	3	2	-9999
1992	3	3	-9999
1992	3	4	-9999
1992	3	5	-9999
1992	3	6	-9999
1992	3	7	-9999
1992	3	8	-9999
1992	3	9	-9999
1992	3	10	-9999
1992	3	11	-9999
1992	3	12	-9999
1992	3	13	-9999
1992	3	14	-9999
1992	3	15	-9999
1992	3	16	-9999
1992	3	17	-9999
1992	3	18	-9999
1992	3	19	-9999
1992	3	20	-9999
1992	3	21	-9999
1992	3	22	-9999
1992	3	23	-9999
1992	3	24	-9999
1992	3	25	-9999
1992	3	26	-9999
1992	3	27	-9999
1992	3	28	-9999
1992	3	29	-9999
1992	3	30	-9999
1992	3	31	-9999
1992	4	1	-9999
1992	4	2	-9999
1992	4	3	-9999
1992	4	4	-9999
1992	4	5	-9999
1992	4	6	-9999
1992	4	7	-9999
1992	4	8	-9999
1992	4	9	-9999
1992	4	10	-9999
1992	4	11	-9999
1992	4	12	-9999
1992	4	13	-9999
1992	4	14	-9999
1992	4	15	-9999
1992	4	16	-9999
1992	4	17	-9999
1992	4	18	-9999
1992	4	19	-9999
1992	4	20	-9999
1992	4	21	-9999
1992	4	22	-9999
1992	4	23	-9999
1992	4	24	-9999
1992	4	25	-9999
1992	4	26	-9999
1992	4	27	-9999
1992	4	28	-9999
1992	4	29	-9999
1992	4	30	-9999
1992	5	1	-9999
1992	5	2	-9999
1992	5	3	-9999
1992	5	4	-9999
1992	5	5	-9999
1992	5	6	-9999
1992	5	7	-9999
1992	5	8	-9999
1992	5	9	-9999
1992	5	10	-9999
1992	5	11	-9999
1992	5	12	-9999
1992	5	13	-9999
1992	5	14	-9999
1992	5	15	-9999
1992	5	16	-9999
1992	5	17	-9999
1992	5	18	-9999
1992	5	19	-9999
1992	5	20	-9999
1992	5	21	-9999
1992	5	22	-9999
1992	5	23	-9999
1992	5	24	-9999
1992	5	25	-9999
1992	5	26	-9999
1992	5	27	-9999
1992	5	28	-9999
1992	5	29	-9999
1992	5	30	-9999
1992	5	31	-9999
1992	6	1	-9999
1992	6	2	-9999
1992	6	3	-9999
1992	6	4	-9999
1992	6	5	-9999
1992	6	6	-9999
1992	6	7	-9999
1992	6	8	-9999
1992	6	9	-9999
1992	6	10	-9999
1992	6	11	-9999
1992	6	12	-9999
1992	6	13	-9999
1992	6	14	-9999
1992	6	15	-9999
1992	6	16	-9999
1992	6	17	-9999
1992	6	18	-9999
1992	6	19	-9999
1992	6	20	-9999
1992	6	21	-9999
1992	6	22	-9999
1992	6	23	-9999
1992	6	24	-9999
1992	6	25	-9999
1992	6	26	-9999
1992	6	27	-9999
1992	6	28	-9999
1992	6	29	-9999
1992	6	30	-9999
1992	7	1	-9999
1992	7	2	-9999
1992	7	3	-9999
1992	7	4	-9999
1992	7	5	-9999
1992	7	6	-9999
1992	7	7	-9999
1992	7	8	-9999
1992	7	9	-9999
1992	7	10	-9999
1992	7	11	-9999
1992	7	12	-9999
1992	7	13	-9999
1992	7	14	-9999
1992	7	15	-9999
1992	7	16	-9999
1992	7	17	-9999
1992	7	18	-9999
1992	7	19	-9999
1992	7	20	-9999
1992	7	21	-9999
1992	7	22	-9999
1992	7	23	-9999
1992	7	24	-9999
1992	7	25	-9999
1992	7	26	-9999
1992	7	27	-9999
1992	7	28	-9999
1992	7	29	-9999
1992	7	30	-9999
1992	7	31	-9999
1992	8	1	-9999
1992	8	2	-9999
1992	8	3	-9999
1992	8	4	-9999
1992	8	5	-9999
1992	8	6	-9999
1992	8	7	-9999
1992	8	8	-9999
1992	8	9	-9999
1992	8	10	-9999
1992	8	11	-9999
1992	8	12	-9999
1992	8	13	-9999
1992	8	14	-9999
1992	8	15	-9999
1992	8	16	-9999
1992	8	17	-9999
1992	8	18	-9999
1992	8	19	-9999
1992	8	20	-9999
1992	8	21	-9999
1992	8	22	-9999
1992	8	23	-9999
1992	8	24	-9999
1992	8	25	-9999
1992	8	26	-9999
1992	8	27	-9999
1992	8	28	-9999
1992	8	29	-9999
1992	8	30	-9999
1992	8	31	-9999
1992	9	1	-9999
1992	9	2	-9999
1992	9	3	-9999
1992	9	4	-9999
1992	9	5	-9999
1992	9	6	-9999
1992	9	7	-9999
1992	9	8	-9999
1992	9	9	-9999
1992	9	10	-9999
1992	9	11	-9999
1992	9	12	-9999
1992	9	13	-9999
1992	9	14	-9999
1992	9	15	-9999
1992	9	16	-9999
1992	9	17	-9999
1992	9	18	-9999
1992	9	19	-9999
1992	9	20	-9999
1992	9	21	-9999
1992	9	22	-9999
1992	9	23	-9999
1992	9	24	-9999
1992	9	25	-9999
1992	9	26	-9999
1992	9	27	-9999
1992	9	28	-9999
1992	9	29	-9999
1992	9	30	-9999
1992	10	1	-9999
1992	10	2	-9999
1992	10	3	-9999
1992	10	4	-9999
1992	10	5	-9999
1992	10	6	-9999
1992	10	7	-9999
1992	10	8	-9999
1992	10	9	-9999
1992	10	10	-9999
1992	10	11	-9999
1992	10	12	-9999
1992	10	13	-9999
1992	10	14	-9999
1992	10	15	-9999
1992	10	16	-9999
1992	10	17	-9999
1992	10	18	-9999
1992	10	19	-9999
1992	10	20	-9999
1992	10	21	-9999
1992	10	22	-9999
1992	10	23	-9999
1992	10	24	-9999
1992	10	25	-9999
1992	10	26	-9999
1992	10	27	-9999
1992	10	28	-9999
1992	10	29	-9999
1992	10	30	-9999
1992	10	31	-9999
1992	11	1	-9999
1992	11	2	-9999
1992	11	3	-9999
1992	11	4	-9999
1992	11	5	-9999
1992	11	6	-9999
1992	11	7	-9999
1992	11	8	-9999
1992	11	9	-9999
1992	11	10	-9999
1992	11	11	-9999
1992	11	12	-9999
1992	11	13	-9999
1992	11	14	-9999
1992	11	15	-9999
1992	11	16	-9999
1992	11	17	-9999
1992	11	18	-9999
1992	11	19	-9999
1992	11	20	-9999
1992	11	21	-9999
1992	11	22	-9999
1992	11	23	-9999
1992	11	24	-9999
1992	11	25	-9999
1992	11	26	-9999
1992	11	27	-9999
1992	11	28	-9999
1992	11	29	-9999
1992	11	30	-9999
1992	12	1	-9999
1992	12	2	-9999
1992	12	3	-9999
1992	12	4	-9999
1992	12	5	-9999
1992	12	6	-9999
1992	12	7	-9999
1992	12	8	-9999
1992	12	9	-9999
1992	12	10	-9999
1992	12	11	-9999
1992	12	12	-9999
1992	12	13	-9999
1992	12	14	-9999
1992	12	15	-9999
1992	12	16	-9999
1992	12	17	-9999
1992	12	18	-9999
1992	12	19	-9999
1992	12	20	-9999
1992	12	21	-9999
1992	12	22	-9999
1992	12	23	-9999
1992	12	24	-9999
1992	12	25	-9999
1992	12	26	-9999
1992	12	27	-9999
1992	12	28	-9999
1992	12	29	-9999
1992	12	30	-9999
1992	12	31	-9999
1993	1	1	7.532523343
1993	1	2	7.532523343
1993	1	3	7.532523343
1993	1	4	7.532523343
1993	1	5	7.532523343
1993	1	6	7.532523343
1993	1	7	7.532523343
1993	1	8	7.532523343
1993	1	9	7.532523343
1993	1	10	3.958038847
1993	1	11	3.958038847
1993	1	12	3.958038847
1993	1	13	3.958038847
1993	1	14	3.958038847
1993	1	15	3.958038847
1993	1	16	3.958038847
1993	1	17	3.958038847
1993	1	18	3.958038847
1993	1	19	3.958038847
1993	1	20	3.958038847
1993	1	21	3.958038847
1993	1	22	3.958038847
1993	1	23	3.958038847
1993	1	24	3.958038847
1993	1	25	3.958038847
1993	1	26	3.958038847
1993	1	27	3.958038847
1993	1	28	3.958038847
1993	1	29	3.958038847
1993	1	30	3.958038847
1993	1	31	3.958038847
1993	2	1	3.958038847
1993	2	2	2.700813918
1993	2	3	2.700813918
1993	2	4	2.700813918
1993	2	5	2.700813918
1993	2	6	2.700813918
1993	2	7	1.74273987
1993	2	8	1.74273987
1993	2	9	1.74273987
1993	2	10	1.74273987
1993	2	11	1.74273987
1993	2	12	1.74273987
1993	2	13	1.74273987
1993	2	14	1.74273987
1993	2	15	1.74273987
1993	2	16	1.74273987
1993	2	17	1.74273987
1993	2	18	1.74273987
1993	2	19	1.74273987
1993	2	20	1.74273987
1993	2	21	1.74273987
1993	2	22	3.958038847
1993	2	23	7.532523343
1993	2	24	29.66272995
1993	2	25	29.66272995
1993	2	26	29.66272995
1993	2	27	20.0597049
1993	2	28	20.0597049
1993	3	1	20.0597049
1993	3	2	16.15401919
1993	3	3	16.15401919
1993	3	4	16.15401919
1993	3	5	16.15401919
1993	3	6	16.15401919
1993	3	7	16.15401919
1993	3	8	16.15401919
1993	3	9	16.15401919
1993	3	10	16.15401919
1993	3	11	12.79135736
1993	3	12	11.58923472
1993	3	13	11.58923472
1993	3	14	11.58923472
1993	3	15	11.58923472
1993	3	16	12.79135736
1993	3	17	12.79135736
1993	3	18	12.79135736
1993	3	19	12.79135736
1993	3	20	12.79135736
1993	3	21	11.58923472
1993	3	22	9.931073912
1993	3	23	9.931073912
1993	3	24	9.931073912
1993	3	25	7.532523343
1993	3	26	7.532523343
1993	3	27	7.532523343
1993	3	28	7.532523343
1993	3	29	7.532523343
1993	3	30	6.69328373
1993	3	31	6.69328373
1993	4	1	5.555060155
1993	4	2	5.555060155
1993	4	3	5.555060155
1993	4	4	5.555060155
1993	4	5	5.555060155
1993	4	6	3.958038847
1993	4	7	3.958038847
1993	4	8	3.958038847
1993	4	9	3.958038847
1993	4	10	3.958038847
1993	4	11	3.958038847
1993	4	12	3.958038847
1993	4	13	3.958038847
1993	4	14	3.958038847
1993	4	15	3.958038847
1993	4	16	3.958038847
1993	4	17	3.958038847
1993	4	18	3.958038847
1993	4	19	3.958038847
1993	4	20	3.958038847
1993	4	21	3.958038847
1993	4	22	3.958038847
1993	4	23	3.958038847
1993	4	24	3.958038847
1993	4	25	3.958038847
1993	4	26	3.958038847
1993	4	27	2.700813918
1993	4	28	2.700813918
1993	4	29	3.958038847
1993	4	30	3.680710807
1993	5	1	3.680710807
1993	5	2	3.958038847
1993	5	3	3.958038847
1993	5	4	3.958038847
1993	5	5	3.958038847
1993	5	6	3.958038847
1993	5	7	3.958038847
1993	5	8	3.958038847
1993	5	9	3.958038847
1993	5	10	3.958038847
1993	5	11	3.958038847
1993	5	12	3.958038847
1993	5	13	3.958038847
1993	5	14	7.532523343
1993	5	15	7.532523343
1993	5	16	7.532523343
1993	5	17	7.532523343
1993	5	18	7.532523343
1993	5	19	7.532523343
1993	5	20	7.532523343
1993	5	21	7.532523343
1993	5	22	7.532523343
1993	5	23	3.958038847
1993	5	24	3.958038847
1993	5	25	3.958038847
1993	5	26	3.958038847
1993	5	27	3.958038847
1993	5	28	3.958038847
1993	5	29	3.958038847
1993	5	30	3.958038847
1993	5	31	3.958038847
1993	6	1	1.912373593
1993	6	2	75.73151024
1993	6	3	173.681512
1993	6	4	35.4413603
1993	6	5	14.74606774
1993	6	6	10.46489132
1993	6	7	8.439136937
1993	6	8	6.298116257
1993	6	9	6.69328373
1993	6	10	6.69328373
1993	6	11	5.555060155
1993	6	12	5.206521199
1993	6	13	23.60254443
1993	6	14	24.54905999
1993	6	15	8.918521887
1993	6	16	5.918816786
1993	6	17	5.918816786
1993	6	18	4.248958742
1993	6	19	2.283962341
1993	6	20	2.283962341
1993	6	21	1.74273987
1993	6	22	2.092672696
1993	6	23	6.298116257
1993	6	24	3.958038847
1993	6	25	3.680710807
1993	6	26	3.416649458
1993	6	27	3.680710807
1993	6	28	22.68067631
1993	6	29	177.447752
1993	6	30	75.73151024
1993	7	1	24.54905999
1993	7	2	14.74606774
1993	7	3	7.532523343
1993	7	4	5.206521199
1993	7	5	3.416649458
1993	7	6	1.912373593
1993	7	7	2.092672696
1993	7	8	3.680710807
1993	7	9	5.206521199
1993	7	10	7.532523343
1993	7	11	34.23048642
1993	7	12	567.514208
1993	7	13	438.241768
1993	7	14	561.31
1993	7	15	118.5155358
1993	7	16	77.78189254
1993	7	17	171.810113
1993	7	18	90.86581556
1993	7	19	60.60985814
1993	7	20	47.64833552
1993	7	21	36.68045842
1993	7	22	28.58809979
1993	7	23	23.60254443
1993	7	24	27.53974287
1993	7	25	29.66272995
1993	7	26	41.92559653
1993	7	27	58.87494995
1993	7	28	126.9244915
1993	7	29	100.3566851
1993	7	30	69.7971827
1993	7	31	43.31069329
1993	8	1	132.7458289
1993	8	2	261.543713
1993	8	3	141.8073887
1993	8	4	84.15441109
1993	8	5	60.60985814
1993	8	6	44.72596526
1993	8	7	41.92559653
1993	8	8	69.7971827
1993	8	9	86.35345837
1993	8	10	132.7458289
1993	8	11	93.1797758
1993	8	12	57.17346863
1993	8	13	980.837288
1993	8	14	304.968992
1993	8	15	171.810113
1993	8	16	185.074
1993	8	17	333.848888
1993	8	18	169.946528
1993	8	19	102.8284149
1993	8	20	84.15441109
1993	8	21	1083.687713
1993	8	22	353.727272
1993	8	23	177.447752
1993	8	24	88.59048481
1993	8	25	90.86581556
1993	8	26	605.395832
1993	8	27	302.613125
1993	8	28	175.560725
1993	8	29	107.8929656
1993	8	30	86.35345837
1993	8	31	50.69530863
1993	9	1	40.57034983
1993	9	2	36.68045842
1993	9	3	35.4413603
1993	9	4	31.8921107
1993	9	5	27.53974287
1993	9	6	26.51733404
1993	9	7	28.58809979
1993	9	8	26.51733404
1993	9	9	25.52054813
1993	9	10	24.54905999
1993	9	11	26.51733404
1993	9	12	30.76395854
1993	9	13	31.8921107
1993	9	14	31.8921107
1993	9	15	29.66272995
1993	9	16	30.76395854
1993	9	17	90.86581556
1993	9	18	81.9930178
1993	9	19	41.92559653
1993	9	20	31.8921107
1993	9	21	30.76395854
1993	9	22	29.66272995
1993	9	23	28.58809979
1993	9	24	26.51733404
1993	9	25	27.53974287
1993	9	26	23.60254443
1993	9	27	23.60254443
1993	9	28	23.60254443
1993	9	29	25.52054813
1993	9	30	21.78313046
1993	10	1	18.42966644
1993	10	2	17.64885446
1993	10	3	18.42966644
1993	10	4	18.42966644
1993	10	5	16.89041376
1993	10	6	17.64885446
1993	10	7	18.42966644
1993	10	8	19.23317486
1993	10	9	18.42966644
1993	10	10	18.42966644
1993	10	11	17.64885446
1993	10	12	17.64885446
1993	10	13	17.64885446
1993	10	14	17.64885446
1993	10	15	17.64885446
1993	10	16	16.15401919
1993	10	17	16.15401919
1993	10	18	20.0597049
1993	10	19	19.23317486
1993	10	20	13.4223988
1993	10	21	14.07386054
1993	10	22	13.4223988
1993	10	23	12.79135736
1993	10	24	12.18041106
1993	10	25	13.4223988
1993	10	26	12.18041106
1993	10	27	11.0175032
1993	10	28	11.0175032
1993	10	29	33.04751161
1993	10	30	40.57034983
1993	10	31	29.66272995
1993	11	1	23.60254443
1993	11	2	20.90958171
1993	11	3	17.64885446
1993	11	4	16.89041376
1993	11	5	15.43934557
1993	11	6	19.23317486
1993	11	7	33.04751161
1993	11	8	30.76395854
1993	11	9	24.54905999
1993	11	10	24.54905999
1993	11	11	23.60254443
1993	11	12	20.0597049
1993	11	13	33.04751161
1993	11	14	36.68045842
1993	11	15	30.76395854
1993	11	16	26.51733404
1993	11	17	23.60254443
1993	11	18	22.68067631
1993	11	19	20.90958171
1993	11	20	19.23317486
1993	11	21	21.78313046
1993	11	22	20.90958171
1993	11	23	20.90958171
1993	11	24	21.78313046
1993	11	25	20.0597049
1993	11	26	20.0597049
1993	11	27	20.0597049
1993	11	28	19.23317486
1993	11	29	17.64885446
1993	11	30	16.89041376
1993	12	1	12.79135736
1993	12	2	12.79135736
1993	12	3	12.79135736
1993	12	4	12.79135736
1993	12	5	12.79135736
1993	12	6	12.79135736
1993	12	7	12.79135736
1993	12	8	12.79135736
1993	12	9	12.79135736
1993	12	10	12.79135736
1993	12	11	12.79135736
1993	12	12	12.79135736
1993	12	13	12.79135736
1993	12	14	12.79135736
1993	12	15	12.79135736
1993	12	16	9.931073912
1993	12	17	9.931073912
1993	12	18	9.931073912
1993	12	19	9.931073912
1993	12	20	9.931073912
1993	12	21	9.931073912
1993	12	22	9.931073912
1993	12	23	9.931073912
1993	12	24	7.532523343
1993	12	25	7.532523343
1993	12	26	7.532523343
1993	12	27	7.532523343
1993	12	28	7.532523343
1993	12	29	7.532523343
1993	12	30	7.532523343
1993	12	31	7.532523343
1994	1	1	7.532523343
1994	1	2	7.532523343
1994	1	3	7.532523343
1994	1	4	7.532523343
1994	1	5	7.532523343
1994	1	6	7.532523343
1994	1	7	7.532523343
1994	1	8	7.532523343
1994	1	9	7.532523343
1994	1	10	7.532523343
1994	1	11	5.555060155
1994	1	12	5.555060155
1994	1	13	5.555060155
1994	1	14	5.555060155
1994	1	15	5.555060155
1994	1	16	5.555060155
1994	1	17	5.555060155
1994	1	18	5.555060155
1994	1	19	5.555060155
1994	1	20	5.555060155
1994	1	21	5.555060155
1994	1	22	5.555060155
1994	1	23	3.958038847
1994	1	24	3.958038847
1994	1	25	3.958038847
1994	1	26	3.958038847
1994	1	27	3.958038847
1994	1	28	3.958038847
1994	1	29	3.958038847
1994	1	30	3.958038847
1994	1	31	3.958038847
1994	2	1	13.4223988
1994	2	2	11.0175032
1994	2	3	10.46489132
1994	2	4	10.46489132
1994	2	5	12.79135736
1994	2	6	11.0175032
1994	2	7	9.931073912
1994	2	8	9.931073912
1994	2	9	12.79135736
1994	2	10	11.0175032
1994	2	11	9.415725824
1994	2	12	10.46489132
1994	2	13	15.43934557
1994	2	14	14.74606774
1994	2	15	18.42966644
1994	2	16	21.78313046
1994	2	17	21.78313046
1994	2	18	20.0597049
1994	2	19	18.42966644
1994	2	20	17.64885446
1994	2	21	17.64885446
1994	2	22	16.15401919
1994	2	23	13.4223988
1994	2	24	12.79135736
1994	2	25	13.4223988
1994	2	26	12.18041106
1994	2	27	10.46489132
1994	2	28	11.0175032
1994	3	1	9.931073912
1994	3	2	10.46489132
1994	3	3	9.931073912
1994	3	4	9.931073912
1994	3	5	9.415725824
1994	3	6	9.415725824
1994	3	7	11.58923472
1994	3	8	11.58923472
1994	3	9	9.931073912
1994	3	10	9.931073912
1994	3	11	8.439136937
1994	3	12	10.46489132
1994	3	13	11.0175032
1994	3	14	10.46489132
1994	3	15	10.46489132
1994	3	16	9.415725824
1994	3	17	8.439136937
1994	3	18	9.931073912
1994	3	19	11.0175032
1994	3	20	12.79135736
1994	3	21	11.0175032
1994	3	22	11.0175032
1994	3	23	12.79135736
1994	3	24	12.18041106
1994	3	25	12.79135736
1994	3	26	12.79135736
1994	3	27	12.18041106
1994	3	28	12.18041106
1994	3	29	12.18041106
1994	3	30	11.0175032
1994	3	31	11.0175032
1994	4	1	11.0175032
1994	4	2	10.46489132
1994	4	3	9.931073912
1994	4	4	8.918521887
1994	4	5	8.439136937
1994	4	6	8.439136937
1994	4	7	8.918521887
1994	4	8	8.439136937
1994	4	9	7.532523343
1994	4	10	7.977245811
1994	4	11	7.104644371
1994	4	12	12.79135736
1994	4	13	14.07386054
1994	4	14	12.18041106
1994	4	15	12.18041106
1994	4	16	13.4223988
1994	4	17	11.58923472
1994	4	18	12.18041106
1994	4	19	11.0175032
1994	4	20	9.931073912
1994	4	21	9.931073912
1994	4	22	9.931073912
1994	4	23	11.0175032
1994	4	24	10.46489132
1994	4	25	9.415725824
1994	4	26	7.977245811
1994	4	27	7.532523343
1994	4	28	7.104644371
1994	4	29	7.104644371
1994	4	30	7.104644371
1994	5	1	7.104644371
1994	5	2	7.532523343
1994	5	3	9.931073912
1994	5	4	11.0175032
1994	5	5	6.69328373
1994	5	6	6.298116257
1994	5	7	5.555060155
1994	5	8	5.555060155
1994	5	9	5.555060155
1994	5	10	5.206521199
1994	5	11	26.51733404
1994	5	12	31.8921107
1994	5	13	21.78313046
1994	5	14	28.58809979
1994	5	15	118.5155358
1994	5	16	84.15441109
1994	5	17	47.64833552
1994	5	18	35.4413603
1994	5	19	27.53974287
1994	5	20	21.78313046
1994	5	21	20.90958171
1994	5	22	21.78313046
1994	5	23	21.78313046
1994	5	24	19.23317486
1994	5	25	26.51733404
1994	5	26	37.94810594
1994	5	27	29.66272995
1994	5	28	20.0597049
1994	5	29	17.64885446
1994	5	30	17.64885446
1994	5	31	16.15401919
1994	6	1	15.43934557
1994	6	2	14.74606774
1994	6	3	14.74606774
1994	6	4	16.15401919
1994	6	5	16.15401919
1994	6	6	16.15401919
1994	6	7	17.64885446
1994	6	8	20.90958171
1994	6	9	25.52054813
1994	6	10	20.90958171
1994	6	11	17.64885446
1994	6	12	14.74606774
1994	6	13	14.74606774
1994	6	14	14.74606774
1994	6	15	12.79135736
1994	6	16	11.58923472
1994	6	17	9.931073912
1994	6	18	11.58923472
1994	6	19	14.07386054
1994	6	20	14.07386054
1994	6	21	14.07386054
1994	6	22	14.07386054
1994	6	23	20.90958171
1994	6	24	20.0597049
1994	6	25	18.42966644
1994	6	26	16.89041376
1994	6	27	36.68045842
1994	6	28	67.89026276
1994	6	29	35.4413603
1994	6	30	34.23048642
1994	7	1	52.26633416
1994	7	2	28.58809979
1994	7	3	19.23317486
1994	7	4	16.15401919
1994	7	5	11.58923472
1994	7	6	12.79135736
1994	7	7	14.07386054
1994	7	8	14.07386054
1994	7	9	14.74606774
1994	7	10	14.74606774
1994	7	11	13.4223988
1994	7	12	10.46489132
1994	7	13	7.977245811
1994	7	14	7.977245811
1994	7	15	7.104644371
1994	7	16	6.69328373
1994	7	17	6.298116257
1994	7	18	4.248958742
1994	7	19	17.64885446
1994	7	20	31.8921107
1994	7	21	30.76395854
1994	7	22	30.76395854
1994	7	23	21.78313046
1994	7	24	14.07386054
1994	7	25	14.74606774
1994	7	26	10.46489132
1994	7	27	9.415725824
1994	7	28	8.918521887
1994	7	29	7.104644371
1994	7	30	14.07386054
1994	7	31	14.07386054
1994	8	1	79.86895334
1994	8	2	88.59048481
1994	8	3	55.505089
1994	8	4	30.76395854
1994	8	5	17.64885446
1994	8	6	12.18041106
1994	8	7	8.439136937
1994	8	8	7.532523343
1994	8	9	8.918521887
1994	8	10	47.64833552
1994	8	11	371.531093
1994	8	12	206.690837
1994	8	13	105.3404
1994	8	14	49.15608414
1994	8	15	90.86581556
1994	8	16	185.074
1994	8	17	148.0719246
1994	8	18	66.0183955
1994	8	19	44.72596526
1994	8	20	46.17173762
1994	8	21	33.04751161
1994	8	22	22.68067631
1994	8	23	16.15401919
1994	8	24	12.79135736
1994	8	25	12.18041106
1994	8	26	14.07386054
1994	8	27	20.90958171
1994	8	28	23.60254443
1994	8	29	31.8921107
1994	8	30	31.8921107
1994	8	31	27.53974287
1994	9	1	19.23317486
1994	9	2	13.4223988
1994	9	3	11.0175032
1994	9	4	10.46489132
1994	9	5	22.68067631
1994	9	6	24.54905999
1994	9	7	18.42966644
1994	9	8	15.43934557
1994	9	9	14.07386054
1994	9	10	14.07386054
1994	9	11	14.74606774
1994	9	12	14.74606774
1994	9	13	16.89041376
1994	9	14	14.07386054
1994	9	15	12.18041106
1994	9	16	12.18041106
1994	9	17	11.58923472
1994	9	18	11.58923472
1994	9	19	11.0175032
1994	9	20	11.0175032
1994	9	21	10.46489132
1994	9	22	9.415725824
1994	9	23	8.439136937
1994	9	24	10.46489132
1994	9	25	11.0175032
1994	9	26	9.931073912
1994	9	27	11.58923472
1994	9	28	10.46489132
1994	9	29	11.0175032
1994	9	30	11.58923472
1994	10	1	14.74606774
1994	10	2	12.79135736
1994	10	3	9.415725824
1994	10	4	10.46489132
1994	10	5	9.415725824
1994	10	6	9.415725824
1994	10	7	9.415725824
1994	10	8	8.918521887
1994	10	9	8.918521887
1994	10	10	8.439136937
1994	10	11	10.46489132
1994	10	12	52.26633416
1994	10	13	49.15608414
1994	10	14	33.04751161
1994	10	15	25.52054813
1994	10	16	22.68067631
1994	10	17	21.78313046
1994	10	18	18.42966644
1994	10	19	15.43934557
1994	10	20	0.005993423
1994	10	21	-9.36472E-05
1994	10	22	-9.36472E-05
1994	10	23	2.77473E-05
1994	10	24	0.000316059
1994	10	25	0.000316059
1994	10	26	0.000316059
1994	10	27	0.000316059
1994	10	28	-0.029880837
1994	10	29	-0.326712214
1994	10	30	-0.326712214
1994	10	31	-0.326712214
1994	11	1	0.360101354
1994	11	2	9.415725824
1994	11	3	9.415725824
1994	11	4	8.918521887
1994	11	5	8.439136937
1994	11	6	8.918521887
1994	11	7	9.415725824
1994	11	8	8.439136937
1994	11	9	8.918521887
1994	11	10	8.918521887
1994	11	11	9.415725824
1994	11	12	11.58923472
1994	11	13	10.46489132
1994	11	14	9.415725824
1994	11	15	8.918521887
1994	11	16	8.439136937
1994	11	17	8.439136937
1994	11	18	14.07386054
1994	11	19	14.07386054
1994	11	20	13.4223988
1994	11	21	14.07386054
1994	11	22	12.79135736
1994	11	23	11.58923472
1994	11	24	10.46489132
1994	11	25	10.46489132
1994	11	26	8.918521887
1994	11	27	8.918521887
1994	11	28	8.918521887
1994	11	29	8.918521887
1994	11	30	8.439136937
1994	12	1	8.439136937
1994	12	2	3.680710807
1994	12	3	1.583446362
1994	12	4	1.912373593
1994	12	5	1.912373593
1994	12	6	1.912373593
1994	12	7	1.912373593
1994	12	8	1.74273987
1994	12	9	4.248958742
1994	12	10	3.165529636
1994	12	11	3.416649458
1994	12	12	3.165529636
1994	12	13	3.165529636
1994	12	14	3.165529636
1994	12	15	3.416649458
1994	12	16	3.416649458
1994	12	17	3.165529636
1994	12	18	2.927026177
1994	12	19	2.927026177
1994	12	20	2.486567694
1994	12	21	2.283962341
1994	12	22	2.092672696
1994	12	23	1.912373593
1994	12	24	2.092672696
1994	12	25	2.092672696
1994	12	26	2.283962341
1994	12	27	2.486567694
1994	12	28	2.092672696
1994	12	29	1.74273987
1994	12	30	1.912373593
1994	12	31	1.74273987
1995	1	1	1.912373593
1995	1	2	1.912373593
1995	1	3	1.912373593
1995	1	4	1.912373593
1995	1	5	1.912373593
1995	1	6	1.912373593
1995	1	7	1.912373593
1995	1	8	1.912373593
1995	1	9	1.912373593
1995	1	10	1.912373593
1995	1	11	1.912373593
1995	1	12	2.092672696
1995	1	13	2.092672696
1995	1	14	2.283962341
1995	1	15	2.283962341
1995	1	16	2.486567694
1995	1	17	2.486567694
1995	1	18	2.486567694
1995	1	19	2.486567694
1995	1	20	2.486567694
1995	1	21	2.486567694
1995	1	22	2.486567694
1995	1	23	3.680710807
1995	1	24	3.680710807
1995	1	25	3.680710807
1995	1	26	3.958038847
1995	1	27	3.958038847
1995	1	28	3.958038847
1995	1	29	3.958038847
1995	1	30	3.958038847
1995	1	31	3.958038847
1995	2	1	3.958038847
1995	2	2	3.416649458
1995	2	3	3.416649458
1995	2	4	3.416649458
1995	2	5	3.416649458
1995	2	6	3.416649458
1995	2	7	3.416649458
1995	2	8	3.416649458
1995	2	9	3.416649458
1995	2	10	3.416649458
1995	2	11	3.416649458
1995	2	12	3.416649458
1995	2	13	3.958038847
1995	2	14	3.958038847
1995	2	15	3.958038847
1995	2	16	3.958038847
1995	2	17	3.416649458
1995	2	18	3.165529636
1995	2	19	2.700813918
1995	2	20	2.700813918
1995	2	21	2.486567694
1995	2	22	2.486567694
1995	2	23	2.486567694
1995	2	24	2.486567694
1995	2	25	2.486567694
1995	2	26	2.486567694
1995	2	27	2.486567694
1995	2	28	2.486567694
1995	3	1	2.486567694
1995	3	2	2.486567694
1995	3	3	2.486567694
1995	3	4	2.486567694
1995	3	5	2.486567694
1995	3	6	2.486567694
1995	3	7	2.486567694
1995	3	8	2.486567694
1995	3	9	2.486567694
1995	3	10	2.700813918
1995	3	11	2.700813918
1995	3	12	3.165529636
1995	3	13	3.165529636
1995	3	14	3.165529636
1995	3	15	3.416649458
1995	3	16	3.416649458
1995	3	17	3.416649458
1995	3	18	3.416649458
1995	3	19	3.416649458
1995	3	20	3.416649458
1995	3	21	3.416649458
1995	3	22	3.416649458
1995	3	23	3.416649458
1995	3	24	3.165529636
1995	3	25	3.165529636
1995	3	26	3.165529636
1995	3	27	3.165529636
1995	3	28	3.165529636
1995	3	29	2.700813918
1995	3	30	2.700813918
1995	3	31	2.700813918
1995	4	1	1.74273987
1995	4	2	1.74273987
1995	4	3	1.583446362
1995	4	4	1.043171201
1995	4	5	1.043171201
1995	4	6	1.043171201
1995	4	7	1.043171201
1995	4	8	1.043171201
1995	4	9	1.294579335
1995	4	10	1.434167905
1995	4	11	0.930701309
1995	4	12	1.583446362
1995	4	13	1.294579335
1995	4	14	1.74273987
1995	4	15	1.583446362
1995	4	16	1.434167905
1995	4	17	1.294579335
1995	4	18	1.583446362
1995	4	19	1.583446362
1995	4	20	1.294579335
1995	4	21	5.555060155
1995	4	22	66.0183955
1995	4	23	229.253168
1995	4	24	81.9930178
1995	4	25	30.76395854
1995	4	26	17.64885446
1995	4	27	11.0175032
1995	4	28	8.439136937
1995	4	29	5.918816786
1995	4	30	4.553795656
1995	5	1	4.248958742
1995	5	2	3.958038847
1995	5	3	2.700813918
1995	5	4	2.092672696
1995	5	5	1.912373593
1995	5	6	1.74273987
1995	5	7	1.74273987
1995	5	8	1.583446362
1995	5	9	1.434167905
1995	5	10	1.74273987
1995	5	11	2.092672696
1995	5	12	1.434167905
1995	5	13	1.583446362
1995	5	14	3.958038847
1995	5	15	1.74273987
1995	5	16	8.439136937
1995	5	17	5.206521199
1995	5	18	2.486567694
1995	5	19	1.74273987
1995	5	20	9.931073912
1995	5	21	31.8921107
1995	5	22	35.4413603
1995	5	23	20.0597049
1995	5	24	9.415725824
1995	5	25	5.555060155
1995	5	26	4.553795656
1995	5	27	3.416649458
1995	5	28	2.700813918
1995	5	29	7.532523343
1995	5	30	8.439136937
1995	5	31	4.553795656
1995	6	1	3.416649458
1995	6	2	4.553795656
1995	6	3	281.761952
1995	6	4	177.447752
1995	6	5	37.94810594
1995	6	6	17.64885446
1995	6	7	10.46489132
1995	6	8	8.439136937
1995	6	9	9.415725824
1995	6	10	9.931073912
1995	6	11	8.439136937
1995	6	12	7.104644371
1995	6	13	7.977245811
1995	6	14	8.439136937
1995	6	15	5.918816786
1995	6	16	4.248958742
1995	6	17	3.680710807
1995	6	18	4.872874754
1995	6	19	5.918816786
1995	6	20	5.206521199
1995	6	21	4.553795656
1995	6	22	3.958038847
1995	6	23	2.092672696
1995	6	24	1.912373593
1995	6	25	1.74273987
1995	6	26	1.74273987
1995	6	27	1.294579335
1995	6	28	1.583446362
1995	6	29	1.74273987
1995	6	30	2.092672696
1995	7	1	2.092672696
1995	7	2	3.958038847
1995	7	3	5.918816786
1995	7	4	4.553795656
1995	7	5	3.165529636
1995	7	6	2.486567694
1995	7	7	6.298116257
1995	7	8	14.07386054
1995	7	9	11.0175032
1995	7	10	7.977245811
1995	7	11	5.206521199
1995	7	12	4.553795656
1995	7	13	4.248958742
1995	7	14	3.416649458
1995	7	15	2.700813918
1995	7	16	2.486567694
1995	7	17	2.486567694
1995	7	18	1.912373593
1995	7	19	2.486567694
1995	7	20	2.486567694
1995	7	21	11.0175032
1995	7	22	27.53974287
1995	7	23	20.0597049
1995	7	24	216.829232
1995	7	25	121.2758812
1995	7	26	35.4413603
1995	7	27	17.64885446
1995	7	28	9.931073912
1995	7	29	5.555060155
1995	7	30	3.958038847
1995	7	31	2.092672696
1995	8	1	1.583446362
1995	8	2	1.74273987
1995	8	3	1.043171201
1995	8	4	1.583446362
1995	8	5	0.642326364
1995	8	6	0.730604055
1995	8	7	0.826620648
1995	8	8	0.826620648
1995	8	9	7.532523343
1995	8	10	17.64885446
1995	8	11	7.977245811
1995	8	12	3.680710807
1995	8	13	1.912373593
1995	8	14	1.74273987
1995	8	15	1.043171201
1995	8	16	1.74273987
1995	8	17	6.298116257
1995	8	18	4.553795656
1995	8	19	9.415725824
1995	8	20	55.505089
1995	8	21	86.35345837
1995	8	22	33.04751161
1995	8	23	17.64885446
1995	8	24	46.17173762
1995	8	25	135.7220831
1995	8	26	214.785925
1995	8	27	233.456992
1995	8	28	100.3566851
1995	8	29	41.92559653
1995	8	30	25.52054813
1995	8	31	44.72596526
1995	9	1	46.17173762
1995	9	2	37.94810594
1995	9	3	126.9244915
1995	9	4	73.71748128
1995	9	5	35.4413603
1995	9	6	23.60254443
1995	9	7	17.64885446
1995	9	8	14.74606774
1995	9	9	11.0175032
1995	9	10	9.931073912
1995	9	11	8.918521887
1995	9	12	5.918816786
1995	9	13	4.553795656
1995	9	14	4.872874754
1995	9	15	4.553795656
1995	9	16	3.958038847
1995	9	17	3.680710807
1995	9	18	3.416649458
1995	9	19	3.680710807
1995	9	20	4.248958742
1995	9	21	4.872874754
1995	9	22	4.872874754
1995	9	23	8.918521887
1995	9	24	14.07386054
1995	9	25	9.415725824
1995	9	26	5.555060155
1995	9	27	4.553795656
1995	9	28	4.553795656
1995	9	29	4.553795656
1995	9	30	4.553795656
1995	10	1	4.248958742
1995	10	2	4.248958742
1995	10	3	3.680710807
1995	10	4	3.958038847
1995	10	5	3.680710807
1995	10	6	4.872874754
1995	10	7	4.553795656
1995	10	8	3.165529636
1995	10	9	2.486567694
1995	10	10	2.486567694
1995	10	11	2.700813918
1995	10	12	2.486567694
1995	10	13	1.912373593
1995	10	14	1.74273987
1995	10	15	3.165529636
1995	10	16	2.700813918
1995	10	17	2.092672696
1995	10	18	1.912373593
1995	10	19	1.74273987
1995	10	20	1.912373593
1995	10	21	1.74273987
1995	10	22	1.74273987
1995	10	23	1.74273987
1995	10	24	1.74273987
1995	10	25	1.74273987
1995	10	26	1.583446362
1995	10	27	1.583446362
1995	10	28	1.583446362
1995	10	29	1.434167905
1995	10	30	1.434167905
1995	10	31	1.294579335
1995	11	1	1.294579335
1995	11	2	1.583446362
1995	11	3	1.583446362
1995	11	4	1.434167905
1995	11	5	1.294579335
1995	11	6	1.434167905
1995	11	7	1.434167905
1995	11	8	1.583446362
1995	11	9	1.294579335
1995	11	10	1.583446362
1995	11	11	1.74273987
1995	11	12	1.74273987
1995	11	13	1.74273987
1995	11	14	3.680710807
1995	11	15	2.092672696
1995	11	16	1.74273987
1995	11	17	1.74273987
1995	11	18	1.74273987
1995	11	19	1.912373593
1995	11	20	1.74273987
1995	11	21	1.434167905
1995	11	22	1.434167905
1995	11	23	1.583446362
1995	11	24	1.74273987
1995	11	25	1.74273987
1995	11	26	1.583446362
1995	11	27	1.583446362
1995	11	28	1.74273987
1995	11	29	1.74273987
1995	11	30	1.434167905
1995	12	1	1.74273987
1995	12	2	1.043171201
1995	12	3	0.487687037
1995	12	4	1.583446362
1995	12	5	1.74273987
1995	12	6	1.74273987
1995	12	7	1.434167905
1995	12	8	1.434167905
1995	12	9	1.583446362
1995	12	10	1.583446362
1995	12	11	1.74273987
1995	12	12	1.74273987
1995	12	13	1.583446362
1995	12	14	1.74273987
1995	12	15	1.294579335
1995	12	16	1.583446362
1995	12	17	1.74273987
1995	12	18	1.583446362
1995	12	19	1.583446362
1995	12	20	1.74273987
1995	12	21	1.74273987
1995	12	22	1.74273987
1995	12	23	1.583446362
1995	12	24	1.583446362
1995	12	25	1.434167905
1995	12	26	1.583446362
1995	12	27	1.294579335
1995	12	28	1.74273987
1995	12	29	1.74273987
1995	12	30	1.74273987
1995	12	31	1.74273987
