1986	1	1	-9999
1986	1	2	-9999
1986	1	3	-9999
1986	1	4	-9999
1986	1	5	-9999
1986	1	6	-9999
1986	1	7	-9999
1986	1	8	-9999
1986	1	9	-9999
1986	1	10	-9999
1986	1	11	-9999
1986	1	12	-9999
1986	1	13	-9999
1986	1	14	-9999
1986	1	15	-9999
1986	1	16	-9999
1986	1	17	-9999
1986	1	18	-9999
1986	1	19	-9999
1986	1	20	-9999
1986	1	21	-9999
1986	1	22	-9999
1986	1	23	-9999
1986	1	24	-9999
1986	1	25	-9999
1986	1	26	-9999
1986	1	27	-9999
1986	1	28	-9999
1986	1	29	-9999
1986	1	30	-9999
1986	1	31	-9999
1986	2	1	-9999
1986	2	2	-9999
1986	2	3	-9999
1986	2	4	-9999
1986	2	5	-9999
1986	2	6	-9999
1986	2	7	-9999
1986	2	8	-9999
1986	2	9	-9999
1986	2	10	-9999
1986	2	11	-9999
1986	2	12	-9999
1986	2	13	-9999
1986	2	14	-9999
1986	2	15	-9999
1986	2	16	-9999
1986	2	17	-9999
1986	2	18	-9999
1986	2	19	-9999
1986	2	20	-9999
1986	2	21	-9999
1986	2	22	-9999
1986	2	23	-9999
1986	2	24	-9999
1986	2	25	-9999
1986	2	26	-9999
1986	2	27	-9999
1986	2	28	-9999
1986	3	1	-9999
1986	3	2	-9999
1986	3	3	-9999
1986	3	4	-9999
1986	3	5	-9999
1986	3	6	-9999
1986	3	7	-9999
1986	3	8	-9999
1986	3	9	-9999
1986	3	10	-9999
1986	3	11	-9999
1986	3	12	-9999
1986	3	13	-9999
1986	3	14	-9999
1986	3	15	-9999
1986	3	16	-9999
1986	3	17	-9999
1986	3	18	-9999
1986	3	19	-9999
1986	3	20	-9999
1986	3	21	-9999
1986	3	22	-9999
1986	3	23	-9999
1986	3	24	-9999
1986	3	25	-9999
1986	3	26	-9999
1986	3	27	-9999
1986	3	28	-9999
1986	3	29	-9999
1986	3	30	-9999
1986	3	31	-9999
1986	4	1	-9999
1986	4	2	-9999
1986	4	3	-9999
1986	4	4	-9999
1986	4	5	-9999
1986	4	6	-9999
1986	4	7	-9999
1986	4	8	-9999
1986	4	9	-9999
1986	4	10	-9999
1986	4	11	-9999
1986	4	12	-9999
1986	4	13	-9999
1986	4	14	-9999
1986	4	15	-9999
1986	4	16	-9999
1986	4	17	-9999
1986	4	18	-9999
1986	4	19	-9999
1986	4	20	-9999
1986	4	21	-9999
1986	4	22	-9999
1986	4	23	-9999
1986	4	24	-9999
1986	4	25	-9999
1986	4	26	-9999
1986	4	27	-9999
1986	4	28	-9999
1986	4	29	-9999
1986	4	30	-9999
1986	5	1	-9999
1986	5	2	-9999
1986	5	3	-9999
1986	5	4	-9999
1986	5	5	-9999
1986	5	6	-9999
1986	5	7	-9999
1986	5	8	-9999
1986	5	9	-9999
1986	5	10	-9999
1986	5	11	-9999
1986	5	12	-9999
1986	5	13	-9999
1986	5	14	-9999
1986	5	15	-9999
1986	5	16	-9999
1986	5	17	-9999
1986	5	18	-9999
1986	5	19	-9999
1986	5	20	-9999
1986	5	21	-9999
1986	5	22	-9999
1986	5	23	-9999
1986	5	24	-9999
1986	5	25	-9999
1986	5	26	-9999
1986	5	27	-9999
1986	5	28	-9999
1986	5	29	-9999
1986	5	30	-9999
1986	5	31	-9999
1986	6	1	-9999
1986	6	2	-9999
1986	6	3	-9999
1986	6	4	-9999
1986	6	5	-9999
1986	6	6	-9999
1986	6	7	-9999
1986	6	8	-9999
1986	6	9	-9999
1986	6	10	-9999
1986	6	11	-9999
1986	6	12	-9999
1986	6	13	-9999
1986	6	14	-9999
1986	6	15	-9999
1986	6	16	-9999
1986	6	17	-9999
1986	6	18	-9999
1986	6	19	-9999
1986	6	20	-9999
1986	6	21	-9999
1986	6	22	-9999
1986	6	23	-9999
1986	6	24	-9999
1986	6	25	-9999
1986	6	26	-9999
1986	6	27	-9999
1986	6	28	-9999
1986	6	29	-9999
1986	6	30	-9999
1986	7	1	-9999
1986	7	2	-9999
1986	7	3	-9999
1986	7	4	-9999
1986	7	5	-9999
1986	7	6	-9999
1986	7	7	-9999
1986	7	8	-9999
1986	7	9	-9999
1986	7	10	-9999
1986	7	11	-9999
1986	7	12	-9999
1986	7	13	-9999
1986	7	14	-9999
1986	7	15	-9999
1986	7	16	-9999
1986	7	17	-9999
1986	7	18	-9999
1986	7	19	-9999
1986	7	20	-9999
1986	7	21	-9999
1986	7	22	-9999
1986	7	23	-9999
1986	7	24	-9999
1986	7	25	-9999
1986	7	26	-9999
1986	7	27	-9999
1986	7	28	-9999
1986	7	29	-9999
1986	7	30	-9999
1986	7	31	-9999
1986	8	1	-9999
1986	8	2	-9999
1986	8	3	-9999
1986	8	4	-9999
1986	8	5	-9999
1986	8	6	-9999
1986	8	7	-9999
1986	8	8	-9999
1986	8	9	-9999
1986	8	10	-9999
1986	8	11	-9999
1986	8	12	-9999
1986	8	13	-9999
1986	8	14	-9999
1986	8	15	-9999
1986	8	16	-9999
1986	8	17	-9999
1986	8	18	-9999
1986	8	19	-9999
1986	8	20	-9999
1986	8	21	-9999
1986	8	22	-9999
1986	8	23	-9999
1986	8	24	-9999
1986	8	25	-9999
1986	8	26	-9999
1986	8	27	-9999
1986	8	28	-9999
1986	8	29	-9999
1986	8	30	-9999
1986	8	31	-9999
1986	9	1	-9999
1986	9	2	-9999
1986	9	3	-9999
1986	9	4	-9999
1986	9	5	-9999
1986	9	6	-9999
1986	9	7	-9999
1986	9	8	-9999
1986	9	9	-9999
1986	9	10	-9999
1986	9	11	-9999
1986	9	12	-9999
1986	9	13	-9999
1986	9	14	-9999
1986	9	15	-9999
1986	9	16	-9999
1986	9	17	-9999
1986	9	18	-9999
1986	9	19	-9999
1986	9	20	-9999
1986	9	21	-9999
1986	9	22	-9999
1986	9	23	-9999
1986	9	24	-9999
1986	9	25	-9999
1986	9	26	-9999
1986	9	27	-9999
1986	9	28	-9999
1986	9	29	-9999
1986	9	30	-9999
1986	10	1	-9999
1986	10	2	-9999
1986	10	3	-9999
1986	10	4	-9999
1986	10	5	-9999
1986	10	6	-9999
1986	10	7	-9999
1986	10	8	-9999
1986	10	9	-9999
1986	10	10	-9999
1986	10	11	-9999
1986	10	12	-9999
1986	10	13	-9999
1986	10	14	-9999
1986	10	15	-9999
1986	10	16	-9999
1986	10	17	-9999
1986	10	18	-9999
1986	10	19	-9999
1986	10	20	-9999
1986	10	21	-9999
1986	10	22	-9999
1986	10	23	-9999
1986	10	24	-9999
1986	10	25	-9999
1986	10	26	-9999
1986	10	27	-9999
1986	10	28	-9999
1986	10	29	-9999
1986	10	30	-9999
1986	10	31	-9999
1986	11	1	-9999
1986	11	2	-9999
1986	11	3	-9999
1986	11	4	-9999
1986	11	5	-9999
1986	11	6	-9999
1986	11	7	-9999
1986	11	8	-9999
1986	11	9	-9999
1986	11	10	-9999
1986	11	11	-9999
1986	11	12	-9999
1986	11	13	-9999
1986	11	14	-9999
1986	11	15	-9999
1986	11	16	-9999
1986	11	17	-9999
1986	11	18	-9999
1986	11	19	-9999
1986	11	20	-9999
1986	11	21	-9999
1986	11	22	-9999
1986	11	23	-9999
1986	11	24	-9999
1986	11	25	-9999
1986	11	26	-9999
1986	11	27	-9999
1986	11	28	-9999
1986	11	29	-9999
1986	11	30	-9999
1986	12	1	-9999
1986	12	2	-9999
1986	12	3	-9999
1986	12	4	-9999
1986	12	5	-9999
1986	12	6	-9999
1986	12	7	-9999
1986	12	8	-9999
1986	12	9	-9999
1986	12	10	-9999
1986	12	11	-9999
1986	12	12	-9999
1986	12	13	-9999
1986	12	14	-9999
1986	12	15	-9999
1986	12	16	-9999
1986	12	17	-9999
1986	12	18	-9999
1986	12	19	-9999
1986	12	20	-9999
1986	12	21	-9999
1986	12	22	-9999
1986	12	23	-9999
1986	12	24	-9999
1986	12	25	-9999
1986	12	26	-9999
1986	12	27	-9999
1986	12	28	-9999
1986	12	29	-9999
1986	12	30	-9999
1986	12	31	-9999
1987	1	1	-9999
1987	1	2	-9999
1987	1	3	-9999
1987	1	4	-9999
1987	1	5	-9999
1987	1	6	-9999
1987	1	7	-9999
1987	1	8	-9999
1987	1	9	-9999
1987	1	10	-9999
1987	1	11	-9999
1987	1	12	-9999
1987	1	13	-9999
1987	1	14	-9999
1987	1	15	-9999
1987	1	16	-9999
1987	1	17	-9999
1987	1	18	-9999
1987	1	19	-9999
1987	1	20	-9999
1987	1	21	-9999
1987	1	22	-9999
1987	1	23	-9999
1987	1	24	-9999
1987	1	25	-9999
1987	1	26	-9999
1987	1	27	-9999
1987	1	28	-9999
1987	1	29	-9999
1987	1	30	-9999
1987	1	31	-9999
1987	2	1	-9999
1987	2	2	-9999
1987	2	3	-9999
1987	2	4	-9999
1987	2	5	-9999
1987	2	6	-9999
1987	2	7	-9999
1987	2	8	-9999
1987	2	9	-9999
1987	2	10	-9999
1987	2	11	-9999
1987	2	12	-9999
1987	2	13	-9999
1987	2	14	-9999
1987	2	15	-9999
1987	2	16	-9999
1987	2	17	-9999
1987	2	18	-9999
1987	2	19	-9999
1987	2	20	-9999
1987	2	21	-9999
1987	2	22	-9999
1987	2	23	-9999
1987	2	24	-9999
1987	2	25	-9999
1987	2	26	-9999
1987	2	27	-9999
1987	2	28	-9999
1987	3	1	-9999
1987	3	2	-9999
1987	3	3	-9999
1987	3	4	-9999
1987	3	5	-9999
1987	3	6	-9999
1987	3	7	-9999
1987	3	8	-9999
1987	3	9	-9999
1987	3	10	-9999
1987	3	11	-9999
1987	3	12	-9999
1987	3	13	-9999
1987	3	14	-9999
1987	3	15	-9999
1987	3	16	-9999
1987	3	17	-9999
1987	3	18	-9999
1987	3	19	-9999
1987	3	20	-9999
1987	3	21	-9999
1987	3	22	-9999
1987	3	23	-9999
1987	3	24	-9999
1987	3	25	-9999
1987	3	26	-9999
1987	3	27	-9999
1987	3	28	-9999
1987	3	29	-9999
1987	3	30	-9999
1987	3	31	-9999
1987	4	1	-9999
1987	4	2	-9999
1987	4	3	-9999
1987	4	4	-9999
1987	4	5	-9999
1987	4	6	-9999
1987	4	7	-9999
1987	4	8	-9999
1987	4	9	-9999
1987	4	10	-9999
1987	4	11	-9999
1987	4	12	-9999
1987	4	13	-9999
1987	4	14	-9999
1987	4	15	-9999
1987	4	16	-9999
1987	4	17	-9999
1987	4	18	-9999
1987	4	19	-9999
1987	4	20	-9999
1987	4	21	-9999
1987	4	22	-9999
1987	4	23	-9999
1987	4	24	-9999
1987	4	25	-9999
1987	4	26	-9999
1987	4	27	-9999
1987	4	28	-9999
1987	4	29	-9999
1987	4	30	-9999
1987	5	1	-9999
1987	5	2	-9999
1987	5	3	-9999
1987	5	4	-9999
1987	5	5	-9999
1987	5	6	-9999
1987	5	7	-9999
1987	5	8	-9999
1987	5	9	-9999
1987	5	10	-9999
1987	5	11	-9999
1987	5	12	-9999
1987	5	13	-9999
1987	5	14	-9999
1987	5	15	-9999
1987	5	16	-9999
1987	5	17	-9999
1987	5	18	-9999
1987	5	19	-9999
1987	5	20	-9999
1987	5	21	-9999
1987	5	22	-9999
1987	5	23	-9999
1987	5	24	-9999
1987	5	25	-9999
1987	5	26	-9999
1987	5	27	-9999
1987	5	28	-9999
1987	5	29	-9999
1987	5	30	-9999
1987	5	31	-9999
1987	6	1	-9999
1987	6	2	-9999
1987	6	3	-9999
1987	6	4	-9999
1987	6	5	-9999
1987	6	6	-9999
1987	6	7	-9999
1987	6	8	-9999
1987	6	9	-9999
1987	6	10	-9999
1987	6	11	-9999
1987	6	12	-9999
1987	6	13	-9999
1987	6	14	-9999
1987	6	15	-9999
1987	6	16	-9999
1987	6	17	-9999
1987	6	18	-9999
1987	6	19	-9999
1987	6	20	-9999
1987	6	21	-9999
1987	6	22	-9999
1987	6	23	-9999
1987	6	24	-9999
1987	6	25	-9999
1987	6	26	-9999
1987	6	27	-9999
1987	6	28	-9999
1987	6	29	-9999
1987	6	30	-9999
1987	7	1	-9999
1987	7	2	-9999
1987	7	3	-9999
1987	7	4	-9999
1987	7	5	-9999
1987	7	6	-9999
1987	7	7	-9999
1987	7	8	-9999
1987	7	9	-9999
1987	7	10	-9999
1987	7	11	-9999
1987	7	12	-9999
1987	7	13	-9999
1987	7	14	-9999
1987	7	15	-9999
1987	7	16	-9999
1987	7	17	-9999
1987	7	18	-9999
1987	7	19	-9999
1987	7	20	-9999
1987	7	21	-9999
1987	7	22	-9999
1987	7	23	-9999
1987	7	24	-9999
1987	7	25	-9999
1987	7	26	-9999
1987	7	27	-9999
1987	7	28	-9999
1987	7	29	-9999
1987	7	30	-9999
1987	7	31	-9999
1987	8	1	-9999
1987	8	2	-9999
1987	8	3	-9999
1987	8	4	-9999
1987	8	5	-9999
1987	8	6	-9999
1987	8	7	-9999
1987	8	8	-9999
1987	8	9	-9999
1987	8	10	-9999
1987	8	11	-9999
1987	8	12	-9999
1987	8	13	-9999
1987	8	14	-9999
1987	8	15	-9999
1987	8	16	-9999
1987	8	17	-9999
1987	8	18	-9999
1987	8	19	-9999
1987	8	20	-9999
1987	8	21	-9999
1987	8	22	-9999
1987	8	23	-9999
1987	8	24	-9999
1987	8	25	-9999
1987	8	26	-9999
1987	8	27	-9999
1987	8	28	-9999
1987	8	29	-9999
1987	8	30	-9999
1987	8	31	-9999
1987	9	1	-9999
1987	9	2	-9999
1987	9	3	-9999
1987	9	4	-9999
1987	9	5	-9999
1987	9	6	-9999
1987	9	7	-9999
1987	9	8	-9999
1987	9	9	-9999
1987	9	10	-9999
1987	9	11	-9999
1987	9	12	-9999
1987	9	13	-9999
1987	9	14	-9999
1987	9	15	-9999
1987	9	16	-9999
1987	9	17	-9999
1987	9	18	-9999
1987	9	19	-9999
1987	9	20	-9999
1987	9	21	-9999
1987	9	22	-9999
1987	9	23	-9999
1987	9	24	-9999
1987	9	25	-9999
1987	9	26	-9999
1987	9	27	-9999
1987	9	28	-9999
1987	9	29	-9999
1987	9	30	-9999
1987	10	1	-9999
1987	10	2	-9999
1987	10	3	-9999
1987	10	4	-9999
1987	10	5	-9999
1987	10	6	-9999
1987	10	7	-9999
1987	10	8	-9999
1987	10	9	-9999
1987	10	10	-9999
1987	10	11	-9999
1987	10	12	-9999
1987	10	13	-9999
1987	10	14	-9999
1987	10	15	-9999
1987	10	16	-9999
1987	10	17	-9999
1987	10	18	-9999
1987	10	19	-9999
1987	10	20	-9999
1987	10	21	-9999
1987	10	22	-9999
1987	10	23	-9999
1987	10	24	-9999
1987	10	25	-9999
1987	10	26	-9999
1987	10	27	-9999
1987	10	28	-9999
1987	10	29	-9999
1987	10	30	-9999
1987	10	31	-9999
1987	11	1	-9999
1987	11	2	-9999
1987	11	3	-9999
1987	11	4	-9999
1987	11	5	-9999
1987	11	6	-9999
1987	11	7	-9999
1987	11	8	-9999
1987	11	9	-9999
1987	11	10	-9999
1987	11	11	-9999
1987	11	12	-9999
1987	11	13	-9999
1987	11	14	-9999
1987	11	15	-9999
1987	11	16	-9999
1987	11	17	-9999
1987	11	18	-9999
1987	11	19	-9999
1987	11	20	-9999
1987	11	21	-9999
1987	11	22	-9999
1987	11	23	-9999
1987	11	24	-9999
1987	11	25	-9999
1987	11	26	-9999
1987	11	27	-9999
1987	11	28	-9999
1987	11	29	-9999
1987	11	30	-9999
1987	12	1	-9999
1987	12	2	-9999
1987	12	3	-9999
1987	12	4	-9999
1987	12	5	-9999
1987	12	6	-9999
1987	12	7	-9999
1987	12	8	-9999
1987	12	9	-9999
1987	12	10	-9999
1987	12	11	-9999
1987	12	12	-9999
1987	12	13	-9999
1987	12	14	-9999
1987	12	15	-9999
1987	12	16	-9999
1987	12	17	-9999
1987	12	18	-9999
1987	12	19	-9999
1987	12	20	-9999
1987	12	21	-9999
1987	12	22	-9999
1987	12	23	-9999
1987	12	24	-9999
1987	12	25	-9999
1987	12	26	-9999
1987	12	27	-9999
1987	12	28	-9999
1987	12	29	-9999
1987	12	30	-9999
1987	12	31	-9999
1988	1	1	-9999
1988	1	2	-9999
1988	1	3	-9999
1988	1	4	-9999
1988	1	5	-9999
1988	1	6	-9999
1988	1	7	-9999
1988	1	8	-9999
1988	1	9	-9999
1988	1	10	-9999
1988	1	11	-9999
1988	1	12	-9999
1988	1	13	-9999
1988	1	14	-9999
1988	1	15	-9999
1988	1	16	-9999
1988	1	17	-9999
1988	1	18	-9999
1988	1	19	-9999
1988	1	20	-9999
1988	1	21	-9999
1988	1	22	-9999
1988	1	23	-9999
1988	1	24	-9999
1988	1	25	-9999
1988	1	26	-9999
1988	1	27	-9999
1988	1	28	-9999
1988	1	29	-9999
1988	1	30	-9999
1988	1	31	-9999
1988	2	1	-9999
1988	2	2	-9999
1988	2	3	-9999
1988	2	4	-9999
1988	2	5	-9999
1988	2	6	-9999
1988	2	7	-9999
1988	2	8	-9999
1988	2	9	-9999
1988	2	10	-9999
1988	2	11	-9999
1988	2	12	-9999
1988	2	13	-9999
1988	2	14	-9999
1988	2	15	-9999
1988	2	16	-9999
1988	2	17	-9999
1988	2	18	-9999
1988	2	19	-9999
1988	2	20	-9999
1988	2	21	-9999
1988	2	22	-9999
1988	2	23	-9999
1988	2	24	-9999
1988	2	25	-9999
1988	2	26	-9999
1988	2	27	-9999
1988	2	28	-9999
1988	2	29	-9999
1988	3	1	-9999
1988	3	2	-9999
1988	3	3	-9999
1988	3	4	-9999
1988	3	5	-9999
1988	3	6	-9999
1988	3	7	-9999
1988	3	8	-9999
1988	3	9	-9999
1988	3	10	-9999
1988	3	11	-9999
1988	3	12	-9999
1988	3	13	-9999
1988	3	14	-9999
1988	3	15	-9999
1988	3	16	-9999
1988	3	17	-9999
1988	3	18	-9999
1988	3	19	-9999
1988	3	20	-9999
1988	3	21	-9999
1988	3	22	-9999
1988	3	23	-9999
1988	3	24	-9999
1988	3	25	-9999
1988	3	26	-9999
1988	3	27	-9999
1988	3	28	-9999
1988	3	29	-9999
1988	3	30	-9999
1988	3	31	-9999
1988	4	1	-9999
1988	4	2	-9999
1988	4	3	-9999
1988	4	4	-9999
1988	4	5	-9999
1988	4	6	-9999
1988	4	7	-9999
1988	4	8	-9999
1988	4	9	-9999
1988	4	10	-9999
1988	4	11	-9999
1988	4	12	-9999
1988	4	13	-9999
1988	4	14	-9999
1988	4	15	-9999
1988	4	16	-9999
1988	4	17	-9999
1988	4	18	-9999
1988	4	19	-9999
1988	4	20	-9999
1988	4	21	-9999
1988	4	22	-9999
1988	4	23	-9999
1988	4	24	-9999
1988	4	25	-9999
1988	4	26	-9999
1988	4	27	-9999
1988	4	28	-9999
1988	4	29	-9999
1988	4	30	-9999
1988	5	1	-9999
1988	5	2	-9999
1988	5	3	-9999
1988	5	4	-9999
1988	5	5	-9999
1988	5	6	-9999
1988	5	7	-9999
1988	5	8	-9999
1988	5	9	-9999
1988	5	10	-9999
1988	5	11	-9999
1988	5	12	-9999
1988	5	13	-9999
1988	5	14	-9999
1988	5	15	-9999
1988	5	16	-9999
1988	5	17	-9999
1988	5	18	-9999
1988	5	19	-9999
1988	5	20	-9999
1988	5	21	-9999
1988	5	22	-9999
1988	5	23	-9999
1988	5	24	-9999
1988	5	25	-9999
1988	5	26	-9999
1988	5	27	-9999
1988	5	28	-9999
1988	5	29	-9999
1988	5	30	-9999
1988	5	31	-9999
1988	6	1	-9999
1988	6	2	-9999
1988	6	3	-9999
1988	6	4	-9999
1988	6	5	-9999
1988	6	6	-9999
1988	6	7	-9999
1988	6	8	-9999
1988	6	9	-9999
1988	6	10	-9999
1988	6	11	-9999
1988	6	12	-9999
1988	6	13	-9999
1988	6	14	-9999
1988	6	15	-9999
1988	6	16	-9999
1988	6	17	-9999
1988	6	18	-9999
1988	6	19	-9999
1988	6	20	-9999
1988	6	21	-9999
1988	6	22	-9999
1988	6	23	-9999
1988	6	24	-9999
1988	6	25	-9999
1988	6	26	-9999
1988	6	27	-9999
1988	6	28	-9999
1988	6	29	-9999
1988	6	30	-9999
1988	7	1	-9999
1988	7	2	-9999
1988	7	3	-9999
1988	7	4	-9999
1988	7	5	-9999
1988	7	6	-9999
1988	7	7	-9999
1988	7	8	-9999
1988	7	9	-9999
1988	7	10	-9999
1988	7	11	-9999
1988	7	12	-9999
1988	7	13	-9999
1988	7	14	-9999
1988	7	15	-9999
1988	7	16	-9999
1988	7	17	-9999
1988	7	18	-9999
1988	7	19	-9999
1988	7	20	-9999
1988	7	21	-9999
1988	7	22	-9999
1988	7	23	-9999
1988	7	24	-9999
1988	7	25	-9999
1988	7	26	-9999
1988	7	27	-9999
1988	7	28	-9999
1988	7	29	-9999
1988	7	30	-9999
1988	7	31	-9999
1988	8	1	-9999
1988	8	2	-9999
1988	8	3	-9999
1988	8	4	-9999
1988	8	5	-9999
1988	8	6	-9999
1988	8	7	-9999
1988	8	8	-9999
1988	8	9	-9999
1988	8	10	-9999
1988	8	11	-9999
1988	8	12	-9999
1988	8	13	-9999
1988	8	14	-9999
1988	8	15	-9999
1988	8	16	-9999
1988	8	17	-9999
1988	8	18	-9999
1988	8	19	-9999
1988	8	20	-9999
1988	8	21	-9999
1988	8	22	-9999
1988	8	23	-9999
1988	8	24	-9999
1988	8	25	-9999
1988	8	26	-9999
1988	8	27	-9999
1988	8	28	-9999
1988	8	29	-9999
1988	8	30	-9999
1988	8	31	-9999
1988	9	1	-9999
1988	9	2	-9999
1988	9	3	-9999
1988	9	4	-9999
1988	9	5	-9999
1988	9	6	-9999
1988	9	7	-9999
1988	9	8	-9999
1988	9	9	-9999
1988	9	10	-9999
1988	9	11	-9999
1988	9	12	-9999
1988	9	13	-9999
1988	9	14	-9999
1988	9	15	-9999
1988	9	16	-9999
1988	9	17	-9999
1988	9	18	-9999
1988	9	19	-9999
1988	9	20	-9999
1988	9	21	-9999
1988	9	22	-9999
1988	9	23	-9999
1988	9	24	-9999
1988	9	25	-9999
1988	9	26	-9999
1988	9	27	-9999
1988	9	28	-9999
1988	9	29	-9999
1988	9	30	-9999
1988	10	1	-9999
1988	10	2	-9999
1988	10	3	-9999
1988	10	4	-9999
1988	10	5	-9999
1988	10	6	-9999
1988	10	7	-9999
1988	10	8	-9999
1988	10	9	-9999
1988	10	10	-9999
1988	10	11	-9999
1988	10	12	-9999
1988	10	13	-9999
1988	10	14	-9999
1988	10	15	-9999
1988	10	16	-9999
1988	10	17	-9999
1988	10	18	-9999
1988	10	19	-9999
1988	10	20	-9999
1988	10	21	-9999
1988	10	22	-9999
1988	10	23	-9999
1988	10	24	-9999
1988	10	25	-9999
1988	10	26	-9999
1988	10	27	-9999
1988	10	28	-9999
1988	10	29	-9999
1988	10	30	-9999
1988	10	31	-9999
1988	11	1	-9999
1988	11	2	-9999
1988	11	3	-9999
1988	11	4	-9999
1988	11	5	-9999
1988	11	6	-9999
1988	11	7	-9999
1988	11	8	-9999
1988	11	9	-9999
1988	11	10	-9999
1988	11	11	-9999
1988	11	12	-9999
1988	11	13	-9999
1988	11	14	-9999
1988	11	15	-9999
1988	11	16	-9999
1988	11	17	-9999
1988	11	18	-9999
1988	11	19	-9999
1988	11	20	-9999
1988	11	21	-9999
1988	11	22	-9999
1988	11	23	-9999
1988	11	24	-9999
1988	11	25	-9999
1988	11	26	-9999
1988	11	27	-9999
1988	11	28	-9999
1988	11	29	-9999
1988	11	30	-9999
1988	12	1	-9999
1988	12	2	-9999
1988	12	3	-9999
1988	12	4	-9999
1988	12	5	-9999
1988	12	6	-9999
1988	12	7	-9999
1988	12	8	-9999
1988	12	9	-9999
1988	12	10	-9999
1988	12	11	-9999
1988	12	12	-9999
1988	12	13	-9999
1988	12	14	-9999
1988	12	15	-9999
1988	12	16	-9999
1988	12	17	-9999
1988	12	18	-9999
1988	12	19	-9999
1988	12	20	-9999
1988	12	21	-9999
1988	12	22	-9999
1988	12	23	-9999
1988	12	24	-9999
1988	12	25	-9999
1988	12	26	-9999
1988	12	27	-9999
1988	12	28	-9999
1988	12	29	-9999
1988	12	30	-9999
1988	12	31	-9999
1989	1	1	1.002682571
1989	1	2	1.040355694
1989	1	3	1.079070503
1989	1	4	0.930387516
1989	1	5	0.930387516
1989	1	6	1.118845663
1989	1	7	1.57913381
1989	1	8	2.515609179
1989	1	9	2.904083949
1989	1	10	1.63184912
1989	1	11	1.855882322
1989	1	12	2.233769445
1989	1	13	2.515609179
1989	1	14	2.167140654
1989	1	15	1.741189736
1989	1	16	1.477510558
1989	1	17	1.57913381
1989	1	18	1.57913381
1989	1	19	1.797856558
1989	1	20	2.666038553
1989	1	21	3.812712448
1989	1	22	4.679485463
1989	1	23	3.52068229
1989	1	24	2.442805823
1989	1	25	2.515609179
1989	1	26	2.301908401
1989	1	27	2.101999965
1989	1	28	1.976095404
1989	1	29	2.167140654
1989	1	30	2.301908401
1989	1	31	2.59001248
1989	2	1	2.442805823
1989	2	2	2.167140654
1989	2	3	1.915288172
1989	2	4	2.038325467
1989	2	5	2.442805823
1989	2	6	3.713443995
1989	2	7	5.290692421
1989	2	8	3.713443995
1989	2	9	2.038325467
1989	2	10	2.038325467
1989	2	11	1.797856558
1989	2	12	1.741189736
1989	2	13	1.797856558
1989	2	14	1.527694414
1989	2	15	1.288928525
1989	2	16	1.288928525
1989	2	17	1.380828757
1989	2	18	1.57913381
1989	2	19	1.63184912
1989	2	20	1.855882322
1989	2	21	1.477510558
1989	2	22	1.201652466
1989	2	23	1.159699992
1989	2	24	1.33429084
1989	2	25	1.477510558
1989	2	26	2.59001248
1989	2	27	4.450330803
1989	2	28	5.290692421
1989	3	1	7.818905754
1989	3	2	7.482566037
1989	3	3	8.708860735
1989	3	4	42.48572597
1989	3	5	38.99094287
1989	3	6	21.19663985
1989	3	7	15.72180402
1989	3	8	17.51651902
1989	3	9	25.01437459
1989	3	10	14.87754885
1989	3	11	5.820833664
1989	3	12	5.039508192
1989	3	13	3.913939183
1989	3	14	3.15757065
1989	3	15	3.52068229
1989	3	16	2.82305108
1989	3	17	2.904083949
1989	3	18	2.986832416
1989	3	19	2.904083949
1989	3	20	2.986832416
1989	3	21	2.82305108
1989	3	22	3.52068229
1989	3	23	3.713443995
1989	3	24	3.713443995
1989	3	25	3.245608044
1989	3	26	3.713443995
1989	3	27	3.335456295
1989	3	28	3.15757065
1989	3	29	2.82305108
1989	3	30	3.713443995
1989	3	31	2.82305108
1989	4	1	2.743710376
1989	4	2	2.515609179
1989	4	3	2.743710376
1989	4	4	3.616108874
1989	4	5	5.039508192
1989	4	6	8.708860735
1989	4	7	12.30494238
1989	4	8	7.157096952
1989	4	9	3.616108874
1989	4	10	2.233769445
1989	4	11	2.371579737
1989	4	12	2.442805823
1989	4	13	2.167140654
1989	4	14	2.167140654
1989	4	15	2.233769445
1989	4	16	2.301908401
1989	4	17	2.301908401
1989	4	18	2.301908401
1989	4	19	2.666038553
1989	4	20	3.15757065
1989	4	21	4.017149298
1989	4	22	3.335456295
1989	4	23	2.371579737
1989	4	24	1.57913381
1989	4	25	1.915288172
1989	4	26	1.855882322
1989	4	27	1.797856558
1989	4	28	1.915288172
1989	4	29	2.167140654
1989	4	30	1.976095404
1989	5	1	1.63184912
1989	5	2	2.743710376
1989	5	3	2.59001248
1989	5	4	3.812712448
1989	5	5	4.229620816
1989	5	6	6.998366168
1989	5	7	6.243601013
1989	5	8	2.442805823
1989	5	9	2.167140654
1989	5	10	2.59001248
1989	5	11	2.666038553
1989	5	12	2.986832416
1989	5	13	2.515609179
1989	5	14	2.59001248
1989	5	15	1.797856558
1989	5	16	2.743710376
1989	5	17	3.52068229
1989	5	18	5.551061919
1989	5	19	6.100227025
1989	5	20	6.842266066
1989	5	21	5.419715506
1989	5	22	2.82305108
1989	5	23	2.233769445
1989	5	24	2.233769445
1989	5	25	2.301908401
1989	5	26	2.371579737
1989	5	27	1.477510558
1989	5	28	2.101999965
1989	5	29	1.477510558
1989	5	30	2.167140654
1989	5	31	2.371579737
1989	6	1	2.59001248
1989	6	2	2.82305108
1989	6	3	4.229620816
1989	6	4	4.9172934
1989	6	5	19.79786798
1989	6	6	14.60376695
1989	6	7	6.100227025
1989	6	8	23.04681582
1989	6	9	165.4482829
1989	6	10	66.03287607
1989	6	11	27.10408389
1989	6	12	11.15050008
1989	6	13	8.895508485
1989	6	14	14.87754885
1989	6	15	28.86706066
1989	6	16	23.43078567
1989	6	17	21.19663985
1989	6	18	19.79786798
1989	6	19	20.14092818
1989	6	20	20.84027734
1989	6	21	25.42239027
1989	6	22	29.77981877
1989	6	23	32.15548159
1989	6	24	30.71384848
1989	6	25	27.10408389
1989	6	26	32.6470117
1989	6	27	32.15548159
1989	6	28	31.18894062
1989	6	29	32.15548159
1989	6	30	31.66947147
1989	7	1	31.66947147
1989	7	2	30.71384848
1989	7	3	34.66915108
1989	7	4	27.10408389
1989	7	5	18.14725245
1989	7	6	14.87754885
1989	7	7	7.318487248
1989	7	8	7.649362447
1989	7	9	7.318487248
1989	7	10	8.708860735
1989	7	11	12.79071771
1989	7	12	34.15513113
1989	7	13	28.41855855
1989	7	14	18.14725245
1989	7	15	55.0991371
1989	7	16	435.0545812
1989	7	17	448.7550706
1989	7	18	130.5991212
1989	7	19	84.34900541
1989	7	20	78.50194792
1989	7	21	74.77494025
1989	7	22	69.4330146
1989	7	23	61.16664807
1989	7	24	46.20805595
1989	7	25	58.07403369
1989	7	26	76.62160784
1989	7	27	301.415521
1989	7	28	1638.265276
1989	7	29	1472.590412
1989	7	30	266.9015554
1989	7	31	134.802583
1989	8	1	83.35273997
1989	8	2	69.4330146
1989	8	3	66.87104354
1989	8	4	69.4330146
1989	8	5	56.57205715
1989	8	6	47.5010318
1989	8	7	38.99094287
1989	8	8	37.3259689
1989	8	9	36.78290369
1989	8	10	34.15513113
1989	8	11	32.15548159
1989	8	12	33.64679541
1989	8	13	40.71047642
1989	8	14	37.87496896
1989	8	15	38.42994615
1989	8	16	41.29597816
1989	8	17	50.85102528
1989	8	18	61.95854656
1989	8	19	44.31785939
1989	8	20	37.87496896
1989	8	21	157.3462714
1989	8	22	262.2222905
1989	8	23	116.0149341
1989	8	24	61.16664807
1989	8	25	46.85122985
1989	8	26	34.15513113
1989	8	27	27.53710967
1989	8	28	25.01437459
1989	8	29	30.24415462
1989	8	30	62.75803744
1989	8	31	58.83603442
1989	9	1	59.60543911
1989	9	2	52.23898798
1989	9	3	43.70075526
1989	9	4	26.67613814
1989	9	5	26.67613814
1989	9	6	23.43078567
1989	9	7	24.61124465
1989	9	8	22.29292348
1989	9	9	51.54153531
1989	9	10	119.8657711
1989	9	11	72.0672072
1989	9	12	47.5010318
1989	9	13	40.13116524
1989	9	14	55.83198825
1989	9	15	1214.836993
1989	9	16	1075.934685
1989	9	17	353.427508
1989	9	18	197.2025344
1989	9	19	140.5625554
1989	9	20	87.39092873
1989	9	21	71.1810372
1989	9	22	64.37998633
1989	9	23	49.49065179
1989	9	24	39.55800167
1989	9	25	34.15513113
1989	9	26	36.24573122
1989	9	27	31.18894062
1989	9	28	34.66915108
1989	9	29	41.8877136
1989	9	30	38.42994615
1989	10	1	27.97525474
1989	10	2	17.82981352
1989	10	3	19.12479349
1989	10	4	13.03887879
1989	10	5	13.03887879
1989	10	6	11.37466173
1989	10	7	11.6021545
1989	10	8	12.0672624
1989	10	9	5.684758856
1989	10	10	6.537843317
1989	10	11	6.389463747
1989	10	12	7.991225382
1989	10	13	8.708860735
1989	10	14	13.54591324
1989	10	15	20.48838574
1989	10	16	22.29292348
1989	10	17	14.06745303
1989	10	18	7.649362447
1989	10	19	5.419715506
1989	10	20	4.450330803
1989	10	21	5.163965616
1989	10	22	5.551061919
1989	10	23	5.163965616
1989	10	24	5.163965616
1989	10	25	4.229620816
1989	10	26	6.389463747
1989	10	27	6.100227025
1989	10	28	7.482566037
1989	10	29	8.895508485
1989	10	30	9.67196438
1989	10	31	13.29059955
1989	11	1	7.649362447
1989	11	2	6.243601013
1989	11	3	4.563839568
1989	11	4	8.344312031
1989	11	5	12.79071771
1989	11	6	16.30407636
1989	11	7	31.66947147
1989	11	8	27.10408389
1989	11	9	23.8194884
1989	11	10	16.60114726
1989	11	11	12.0672624
1989	11	12	13.29059955
1989	11	13	11.6021545
1989	11	14	16.30407636
1989	11	15	27.10408389
1989	11	16	12.79071771
1989	11	17	5.290692421
1989	11	18	4.450330803
1989	11	19	4.122368042
1989	11	20	3.52068229
1989	11	21	4.017149298
1989	11	22	3.713443995
1989	11	23	4.017149298
1989	11	24	3.812712448
1989	11	25	3.427139595
1989	11	26	3.15757065
1989	11	27	3.335456295
1989	11	28	3.713443995
1989	11	29	4.017149298
1989	11	30	4.017149298
1989	12	1	4.450330803
1989	12	2	4.679485463
1989	12	3	4.563839568
1989	12	4	4.563839568
1989	12	5	4.679485463
1989	12	6	4.679485463
1989	12	7	4.9172934
1989	12	8	5.959313839
1989	12	9	6.243601013
1989	12	10	6.842266066
1989	12	11	7.157096952
1989	12	12	7.318487248
1989	12	13	7.318487248
1989	12	14	6.100227025
1989	12	15	4.679485463
1989	12	16	3.616108874
1989	12	17	3.071320071
1989	12	18	3.15757065
1989	12	19	3.616108874
1989	12	20	2.986832416
1989	12	21	2.59001248
1989	12	22	2.515609179
1989	12	23	2.666038553
1989	12	24	2.666038553
1989	12	25	2.301908401
1989	12	26	2.59001248
1989	12	27	2.515609179
1989	12	28	2.301908401
1989	12	29	2.442805823
1989	12	30	2.301908401
1989	12	31	2.167140654
1990	1	1	2.442805823
1990	1	2	2.666038553
1990	1	3	2.666038553
1990	1	4	2.59001248
1990	1	5	2.371579737
1990	1	6	2.442805823
1990	1	7	2.233769445
1990	1	8	2.371579737
1990	1	9	2.743710376
1990	1	10	2.82305108
1990	1	11	2.904083949
1990	1	12	3.071320071
1990	1	13	3.427139595
1990	1	14	4.017149298
1990	1	15	4.122368042
1990	1	16	4.017149298
1990	1	17	3.713443995
1990	1	18	3.335456295
1990	1	19	2.904083949
1990	1	20	2.904083949
1990	1	21	2.666038553
1990	1	22	2.82305108
1990	1	23	2.59001248
1990	1	24	2.904083949
1990	1	25	4.122368042
1990	1	26	4.797294641
1990	1	27	5.290692421
1990	1	28	6.243601013
1990	1	29	6.842266066
1990	1	30	6.389463747
1990	1	31	5.684758856
1990	2	1	5.290692421
1990	2	2	5.419715506
1990	2	3	5.551061919
1990	2	4	5.419715506
1990	2	5	5.039508192
1990	2	6	4.9172934
1990	2	7	5.290692421
1990	2	8	2.82305108
1990	2	9	2.59001248
1990	2	10	4.679485463
1990	2	11	16.90222123
1990	2	12	22.66754099
1990	2	13	20.14092818
1990	2	14	11.37466173
1990	2	15	9.473309467
1990	2	16	8.344312031
1990	2	17	6.688767961
1990	2	18	6.688767961
1990	2	19	6.243601013
1990	2	20	8.708860735
1990	2	21	8.895508485
1990	2	22	14.87754885
1990	2	23	58.83603442
1990	2	24	65.20253967
1990	2	25	38.42994615
1990	2	26	23.8194884
1990	2	27	30.24415462
1990	2	28	27.10408389
1990	3	1	21.92292571
1990	3	2	7.157096952
1990	3	3	8.895508485
1990	3	4	6.688767961
1990	3	5	5.684758856
1990	3	6	8.344312031
1990	3	7	8.344312031
1990	3	8	6.842266066
1990	3	9	6.842266066
1990	3	10	5.290692421
1990	3	11	6.389463747
1990	3	12	8.708860735
1990	3	13	12.30494238
1990	3	14	10.28652543
1990	3	15	8.166350901
1990	3	16	9.085112195
1990	3	17	10.07854124
1990	3	18	10.92963747
1990	3	19	10.28652543
1990	3	20	9.473309467
1990	3	21	8.166350901
1990	3	22	7.818905754
1990	3	23	5.290692421
1990	3	24	5.684758856
1990	3	25	5.290692421
1990	3	26	5.290692421
1990	3	27	9.873697958
1990	3	28	22.66754099
1990	3	29	32.6470117
1990	3	30	41.8877136
1990	3	31	30.24415462
1990	4	1	16.90222123
1990	4	2	7.157096952
1990	4	3	9.67196438
1990	4	4	7.991225382
1990	4	5	7.991225382
1990	4	6	7.649362447
1990	4	7	6.537843317
1990	4	8	6.537843317
1990	4	9	8.525138638
1990	4	10	9.67196438
1990	4	11	9.67196438
1990	4	12	9.67196438
1990	4	13	18.79470652
1990	4	14	23.43078567
1990	4	15	12.0672624
1990	4	16	9.085112195
1990	4	17	9.277702322
1990	4	18	9.473309467
1990	4	19	9.873697958
1990	4	20	9.873697958
1990	4	21	9.473309467
1990	4	22	9.085112195
1990	4	23	8.708860735
1990	4	24	8.166350901
1990	4	25	27.97525474
1990	4	26	25.83533025
1990	4	27	23.04681582
1990	4	28	21.19663985
1990	4	29	19.12479349
1990	4	30	17.51651902
1990	5	1	20.14092818
1990	5	2	22.66754099
1990	5	3	29.32080078
1990	5	4	37.3259689
1990	5	5	31.66947147
1990	5	6	22.66754099
1990	5	7	20.48838574
1990	5	8	24.61124465
1990	5	9	27.97525474
1990	5	10	28.86706066
1990	5	11	25.83533025
1990	5	12	20.84027734
1990	5	13	19.45916855
1990	5	14	17.51651902
1990	5	15	15.72180402
1990	5	16	14.06745303
1990	5	17	14.87754885
1990	5	18	19.12479349
1990	5	19	20.84027734
1990	5	20	18.14725245
1990	5	21	15.43653306
1990	5	22	19.45916855
1990	5	23	25.01437459
1990	5	24	30.24415462
1990	5	25	34.15513113
1990	5	26	38.42994615
1990	5	27	22.29292348
1990	5	28	8.344312031
1990	5	29	20.84027734
1990	5	30	23.04681582
1990	5	31	23.04681582
1990	6	1	19.45916855
1990	6	2	16.01097356
1990	6	3	12.0672624
1990	6	4	11.37466173
1990	6	5	10.49768185
1990	6	6	10.71204199
1990	6	7	11.15050008
1990	6	8	16.60114726
1990	6	9	17.82981352
1990	6	10	19.12479349
1990	6	11	11.8330106
1990	6	12	9.085112195
1990	6	13	7.818905754
1990	6	14	3.071320071
1990	6	15	2.371579737
1990	6	16	2.101999965
1990	6	17	2.442805823
1990	6	18	2.986832416
1990	6	19	10.92963747
1990	6	20	204.8328994
1990	6	21	503.0033625
1990	6	22	666.8292787
1990	6	23	239.7339167
1990	6	24	202.9050998
1990	6	25	214.6767849
1990	6	26	477.1148539
1990	6	27	173.8562404
1990	6	28	76.62160784
1990	6	29	66.03287607
1990	6	30	59.60543911
1990	7	1	53.65490335
1990	7	2	44.94141489
1990	7	3	66.87104354
1990	7	4	66.03287607
1990	7	5	55.83198825
1990	7	6	51.54153531
1990	7	7	57.31939014
1990	7	8	64.37998633
1990	7	9	59.60543911
1990	7	10	41.29597816
1990	7	11	43.09005868
1990	7	12	140.5625554
1990	7	13	119.8657711
1990	7	14	117.2881748
1990	7	15	25.83533025
1990	7	16	1082.584888
1990	7	17	657.5771209
1990	7	18	421.6673406
1990	7	19	365.1753857
1990	7	20	244.1122755
1990	7	21	317.179205
1990	7	22	226.9484928
1990	7	23	165.4482829
1990	7	24	63.56516816
1990	7	25	41.29597816
1990	7	26	48.15750631
1990	7	27	48.15750631
1990	7	28	33.14410264
1990	7	29	27.97525474
1990	7	30	25.01437459
1990	7	31	21.92292571
1990	8	1	20.14092818
1990	8	2	18.79470652
1990	8	3	18.79470652
1990	8	4	22.66754099
1990	8	5	28.41855855
1990	8	6	43.09005868
1990	8	7	44.94141489
1990	8	8	29.32080078
1990	8	9	15.43653306
1990	8	10	14.87754885
1990	8	11	16.60114726
1990	8	12	20.14092818
1990	8	13	19.12479349
1990	8	14	16.01097356
1990	8	15	15.72180402
1990	8	16	12.79071771
1990	8	17	20.14092818
1990	8	18	24.61124465
1990	8	19	33.14410264
1990	8	20	44.31785939
1990	8	21	136.2258174
1990	8	22	154.1894768
1990	8	23	170.4558683
1990	8	24	172.1498164
1990	8	25	23.43078567
1990	8	26	13.54591324
1990	8	27	6.537843317
1990	8	28	9.473309467
1990	8	29	6.842266066
1990	8	30	7.318487248
1990	8	31	6.389463747
1990	9	1	79.45486979
1990	9	2	189.7854148
1990	9	3	97.00685557
1990	9	4	55.83198825
1990	9	5	55.0991371
1990	9	6	42.48572597
1990	9	7	27.97525474
1990	9	8	17.20733339
1990	9	9	11.8330106
1990	9	10	43.70075526
1990	9	11	218.7111235
1990	9	12	1382.559667
1990	9	13	522.1238952
1990	9	14	94.80523728
1990	9	15	53.65490335
1990	9	16	43.70075526
1990	9	17	40.71047642
1990	9	18	36.24573122
1990	9	19	34.66915108
1990	9	20	22.66754099
1990	9	21	11.15050008
1990	9	22	9.67196438
1990	9	23	8.166350901
1990	9	24	8.708860735
1990	9	25	10.07854124
1990	9	26	8.895508485
1990	9	27	7.649362447
1990	9	28	6.688767961
1990	9	29	5.290692421
1990	9	30	5.039508192
1990	10	1	6.998366168
1990	10	2	10.07854124
1990	10	3	9.473309467
1990	10	4	11.15050008
1990	10	5	9.473309467
1990	10	6	11.6021545
1990	10	7	9.473309467
1990	10	8	8.166350901
1990	10	9	5.551061919
1990	10	10	6.100227025
1990	10	11	6.537843317
1990	10	12	6.998366168
1990	10	13	7.991225382
1990	10	14	9.873697958
1990	10	15	10.92963747
1990	10	16	9.085112195
1990	10	17	6.998366168
1990	10	18	6.688767961
1990	10	19	6.688767961
1990	10	20	6.243601013
1990	10	21	5.820833664
1990	10	22	5.684758856
1990	10	23	5.684758856
1990	10	24	5.419715506
1990	10	25	4.9172934
1990	10	26	4.679485463
1990	10	27	4.797294641
1990	10	28	5.290692421
1990	10	29	5.959313839
1990	10	30	6.842266066
1990	10	31	7.649362447
1990	11	1	6.243601013
1990	11	2	5.551061919
1990	11	3	4.797294641
1990	11	4	4.679485463
1990	11	5	4.797294641
1990	11	6	4.229620816
1990	11	7	4.33893317
1990	11	8	4.229620816
1990	11	9	4.450330803
1990	11	10	4.229620816
1990	11	11	3.812712448
1990	11	12	3.913939183
1990	11	13	4.017149298
1990	11	14	4.229620816
1990	11	15	3.913939183
1990	11	16	3.616108874
1990	11	17	3.616108874
1990	11	18	3.616108874
1990	11	19	3.713443995
1990	11	20	3.52068229
1990	11	21	3.071320071
1990	11	22	2.986832416
1990	11	23	3.15757065
1990	11	24	3.427139595
1990	11	25	3.812712448
1990	11	26	3.713443995
1990	11	27	2.904083949
1990	11	28	2.743710376
1990	11	29	2.59001248
1990	11	30	2.515609179
1990	12	1	2.515609179
1990	12	2	2.301908401
1990	12	3	2.371579737
1990	12	4	2.101999965
1990	12	5	2.038325467
1990	12	6	1.976095404
1990	12	7	2.101999965
1990	12	8	1.915288172
1990	12	9	1.855882322
1990	12	10	1.797856558
1990	12	11	1.797856558
1990	12	12	1.797856558
1990	12	13	1.797856558
1990	12	14	2.167140654
1990	12	15	2.101999965
1990	12	16	1.915288172
1990	12	17	1.685860868
1990	12	18	1.57913381
1990	12	19	2.038325467
1990	12	20	1.428562027
1990	12	21	1.380828757
1990	12	22	1.477510558
1990	12	23	1.477510558
1990	12	24	1.428562027
1990	12	25	1.244722214
1990	12	26	1.380828757
1990	12	27	1.380828757
1990	12	28	1.380828757
1990	12	29	1.33429084
1990	12	30	1.33429084
1990	12	31	1.288928525
1991	1	1	-9999
1991	1	2	-9999
1991	1	3	-9999
1991	1	4	-9999
1991	1	5	-9999
1991	1	6	-9999
1991	1	7	-9999
1991	1	8	-9999
1991	1	9	-9999
1991	1	10	-9999
1991	1	11	-9999
1991	1	12	-9999
1991	1	13	-9999
1991	1	14	-9999
1991	1	15	-9999
1991	1	16	-9999
1991	1	17	-9999
1991	1	18	-9999
1991	1	19	-9999
1991	1	20	-9999
1991	1	21	-9999
1991	1	22	-9999
1991	1	23	-9999
1991	1	24	-9999
1991	1	25	-9999
1991	1	26	-9999
1991	1	27	-9999
1991	1	28	-9999
1991	1	29	-9999
1991	1	30	-9999
1991	1	31	-9999
1991	2	1	-9999
1991	2	2	-9999
1991	2	3	-9999
1991	2	4	-9999
1991	2	5	-9999
1991	2	6	-9999
1991	2	7	-9999
1991	2	8	-9999
1991	2	9	-9999
1991	2	10	-9999
1991	2	11	-9999
1991	2	12	-9999
1991	2	13	-9999
1991	2	14	-9999
1991	2	15	-9999
1991	2	16	-9999
1991	2	17	-9999
1991	2	18	-9999
1991	2	19	-9999
1991	2	20	-9999
1991	2	21	-9999
1991	2	22	-9999
1991	2	23	-9999
1991	2	24	-9999
1991	2	25	-9999
1991	2	26	-9999
1991	2	27	-9999
1991	2	28	-9999
1991	3	1	-9999
1991	3	2	-9999
1991	3	3	-9999
1991	3	4	-9999
1991	3	5	-9999
1991	3	6	-9999
1991	3	7	-9999
1991	3	8	-9999
1991	3	9	-9999
1991	3	10	-9999
1991	3	11	-9999
1991	3	12	-9999
1991	3	13	-9999
1991	3	14	-9999
1991	3	15	-9999
1991	3	16	-9999
1991	3	17	-9999
1991	3	18	-9999
1991	3	19	-9999
1991	3	20	-9999
1991	3	21	-9999
1991	3	22	-9999
1991	3	23	-9999
1991	3	24	-9999
1991	3	25	-9999
1991	3	26	-9999
1991	3	27	-9999
1991	3	28	-9999
1991	3	29	-9999
1991	3	30	-9999
1991	3	31	-9999
1991	4	1	-9999
1991	4	2	-9999
1991	4	3	-9999
1991	4	4	-9999
1991	4	5	-9999
1991	4	6	-9999
1991	4	7	-9999
1991	4	8	-9999
1991	4	9	-9999
1991	4	10	-9999
1991	4	11	-9999
1991	4	12	-9999
1991	4	13	-9999
1991	4	14	-9999
1991	4	15	-9999
1991	4	16	-9999
1991	4	17	-9999
1991	4	18	-9999
1991	4	19	-9999
1991	4	20	-9999
1991	4	21	-9999
1991	4	22	-9999
1991	4	23	-9999
1991	4	24	-9999
1991	4	25	-9999
1991	4	26	-9999
1991	4	27	-9999
1991	4	28	-9999
1991	4	29	-9999
1991	4	30	-9999
1991	5	1	-9999
1991	5	2	-9999
1991	5	3	-9999
1991	5	4	-9999
1991	5	5	-9999
1991	5	6	-9999
1991	5	7	-9999
1991	5	8	-9999
1991	5	9	-9999
1991	5	10	-9999
1991	5	11	-9999
1991	5	12	-9999
1991	5	13	-9999
1991	5	14	-9999
1991	5	15	-9999
1991	5	16	-9999
1991	5	17	-9999
1991	5	18	-9999
1991	5	19	-9999
1991	5	20	-9999
1991	5	21	-9999
1991	5	22	-9999
1991	5	23	-9999
1991	5	24	-9999
1991	5	25	-9999
1991	5	26	-9999
1991	5	27	-9999
1991	5	28	-9999
1991	5	29	-9999
1991	5	30	-9999
1991	5	31	-9999
1991	6	1	-9999
1991	6	2	-9999
1991	6	3	-9999
1991	6	4	-9999
1991	6	5	-9999
1991	6	6	-9999
1991	6	7	-9999
1991	6	8	-9999
1991	6	9	-9999
1991	6	10	-9999
1991	6	11	-9999
1991	6	12	-9999
1991	6	13	-9999
1991	6	14	-9999
1991	6	15	-9999
1991	6	16	-9999
1991	6	17	-9999
1991	6	18	-9999
1991	6	19	-9999
1991	6	20	-9999
1991	6	21	-9999
1991	6	22	-9999
1991	6	23	-9999
1991	6	24	-9999
1991	6	25	-9999
1991	6	26	-9999
1991	6	27	-9999
1991	6	28	-9999
1991	6	29	-9999
1991	6	30	-9999
1991	7	1	-9999
1991	7	2	-9999
1991	7	3	-9999
1991	7	4	-9999
1991	7	5	-9999
1991	7	6	-9999
1991	7	7	-9999
1991	7	8	-9999
1991	7	9	-9999
1991	7	10	-9999
1991	7	11	-9999
1991	7	12	-9999
1991	7	13	-9999
1991	7	14	-9999
1991	7	15	-9999
1991	7	16	-9999
1991	7	17	-9999
1991	7	18	-9999
1991	7	19	-9999
1991	7	20	-9999
1991	7	21	-9999
1991	7	22	-9999
1991	7	23	-9999
1991	7	24	-9999
1991	7	25	-9999
1991	7	26	-9999
1991	7	27	-9999
1991	7	28	-9999
1991	7	29	-9999
1991	7	30	-9999
1991	7	31	-9999
1991	8	1	-9999
1991	8	2	-9999
1991	8	3	-9999
1991	8	4	-9999
1991	8	5	-9999
1991	8	6	-9999
1991	8	7	-9999
1991	8	8	-9999
1991	8	9	-9999
1991	8	10	-9999
1991	8	11	-9999
1991	8	12	-9999
1991	8	13	-9999
1991	8	14	-9999
1991	8	15	-9999
1991	8	16	-9999
1991	8	17	-9999
1991	8	18	-9999
1991	8	19	-9999
1991	8	20	-9999
1991	8	21	-9999
1991	8	22	-9999
1991	8	23	-9999
1991	8	24	-9999
1991	8	25	-9999
1991	8	26	-9999
1991	8	27	-9999
1991	8	28	-9999
1991	8	29	-9999
1991	8	30	-9999
1991	8	31	-9999
1991	9	1	-9999
1991	9	2	-9999
1991	9	3	-9999
1991	9	4	-9999
1991	9	5	-9999
1991	9	6	-9999
1991	9	7	-9999
1991	9	8	-9999
1991	9	9	-9999
1991	9	10	-9999
1991	9	11	-9999
1991	9	12	-9999
1991	9	13	-9999
1991	9	14	-9999
1991	9	15	-9999
1991	9	16	-9999
1991	9	17	-9999
1991	9	18	-9999
1991	9	19	-9999
1991	9	20	-9999
1991	9	21	-9999
1991	9	22	-9999
1991	9	23	-9999
1991	9	24	-9999
1991	9	25	-9999
1991	9	26	-9999
1991	9	27	-9999
1991	9	28	-9999
1991	9	29	-9999
1991	9	30	-9999
1991	10	1	-9999
1991	10	2	-9999
1991	10	3	-9999
1991	10	4	-9999
1991	10	5	-9999
1991	10	6	-9999
1991	10	7	-9999
1991	10	8	-9999
1991	10	9	-9999
1991	10	10	-9999
1991	10	11	-9999
1991	10	12	-9999
1991	10	13	-9999
1991	10	14	-9999
1991	10	15	-9999
1991	10	16	-9999
1991	10	17	-9999
1991	10	18	-9999
1991	10	19	-9999
1991	10	20	-9999
1991	10	21	-9999
1991	10	22	-9999
1991	10	23	-9999
1991	10	24	-9999
1991	10	25	-9999
1991	10	26	-9999
1991	10	27	-9999
1991	10	28	-9999
1991	10	29	-9999
1991	10	30	-9999
1991	10	31	-9999
1991	11	1	-9999
1991	11	2	-9999
1991	11	3	-9999
1991	11	4	-9999
1991	11	5	-9999
1991	11	6	-9999
1991	11	7	-9999
1991	11	8	-9999
1991	11	9	-9999
1991	11	10	-9999
1991	11	11	-9999
1991	11	12	-9999
1991	11	13	-9999
1991	11	14	-9999
1991	11	15	-9999
1991	11	16	-9999
1991	11	17	-9999
1991	11	18	-9999
1991	11	19	-9999
1991	11	20	-9999
1991	11	21	-9999
1991	11	22	-9999
1991	11	23	-9999
1991	11	24	-9999
1991	11	25	-9999
1991	11	26	-9999
1991	11	27	-9999
1991	11	28	-9999
1991	11	29	-9999
1991	11	30	-9999
1991	12	1	-9999
1991	12	2	-9999
1991	12	3	-9999
1991	12	4	-9999
1991	12	5	-9999
1991	12	6	-9999
1991	12	7	-9999
1991	12	8	-9999
1991	12	9	-9999
1991	12	10	-9999
1991	12	11	-9999
1991	12	12	-9999
1991	12	13	-9999
1991	12	14	-9999
1991	12	15	-9999
1991	12	16	-9999
1991	12	17	-9999
1991	12	18	-9999
1991	12	19	-9999
1991	12	20	-9999
1991	12	21	-9999
1991	12	22	-9999
1991	12	23	-9999
1991	12	24	-9999
1991	12	25	-9999
1991	12	26	-9999
1991	12	27	-9999
1991	12	28	-9999
1991	12	29	-9999
1991	12	30	-9999
1991	12	31	-9999
1992	1	1	90.86709752
1992	1	2	93.9616777
1992	1	3	100.3181434
1992	1	4	122.5289085
1992	1	5	118.9564531
1992	1	6	155.2014711
1992	1	7	120.7355848
1992	1	8	100.3181434
1992	1	9	79.04321803
1992	1	10	77.6273138
1992	1	11	74.83669214
1992	1	12	77.6273138
1992	1	13	77.6273138
1992	1	14	74.83669214
1992	1	15	74.83669214
1992	1	16	74.83669214
1992	1	17	73.4619375
1992	1	18	97.1119809
1992	1	19	153.164581
1992	1	20	233.1470542
1992	1	21	35.64854437
1992	1	22	48.81339172
1992	1	23	59.23822099
1992	1	24	56.82788945
1992	1	25	56.82788945
1992	1	26	65.50000325
1992	1	27	53.313
1992	1	28	41.44914113
1992	1	29	39.46341888
1992	1	30	42.46165741
1992	1	31	48.81339172
1992	2	1	58.02633413
1992	2	2	76.22514468
1992	2	3	77.6273138
1992	2	4	89.34066049
1992	2	5	105.2324173
1992	2	6	97.1119809
1992	2	7	58.02633413
1992	2	8	56.82788945
1992	2	9	62.95473982
1992	2	10	65.50000325
1992	2	11	68.09951996
1992	2	12	39.46341888
1992	2	13	39.46341888
1992	2	14	49.91833228
1992	2	15	60.46357064
1992	2	16	68.09951996
1992	2	17	89.34066049
1992	2	18	139.3099878
1992	2	19	153.164581
1992	2	20	187.4975808
1992	2	21	115.4407029
1992	2	22	53.313
1992	2	23	65.50000325
1992	2	24	70.75344661
1992	2	25	60.46357064
1992	2	26	61.70240349
1992	2	27	70.75344661
1992	2	28	60.46357064
1992	2	29	65.50000325
1992	3	1	115.4407029
1992	3	2	103.5802998
1992	3	3	55.64286619
1992	3	4	25.44199453
1992	3	5	54.47124341
1992	3	6	97.1119809
1992	3	7	98.70807129
1992	3	8	60.46357064
1992	3	9	44.52611756
1992	3	10	68.09951996
1992	3	11	69.41967235
1992	3	12	69.41967235
1992	3	13	73.4619375
1992	3	14	73.4619375
1992	3	15	66.7929701
1992	3	16	59.23822099
1992	3	17	122.5289085
1992	3	18	118.9564531
1992	3	19	147.1405192
1992	3	20	151.1421351
1992	3	21	115.4407029
1992	3	22	59.23822099
1992	3	23	60.46357064
1992	3	24	58.02633413
1992	3	25	58.02633413
1992	3	26	66.7929701
1992	3	27	69.41967235
1992	3	28	73.4619375
1992	3	29	72.10086197
1992	3	30	69.41967235
1992	3	31	56.82788945
1992	4	1	41.44914113
1992	4	2	32.92361341
1992	4	3	101.942214
1992	4	4	129.8444311
1992	4	5	110.2731241
1992	4	6	73.4619375
1992	4	7	53.313
1992	4	8	38.49016531
1992	4	9	74.83669214
1992	4	10	90.86709752
1992	4	11	228.089995
1992	4	12	180.7758799
1992	4	13	127.9941855
1992	4	14	113.704053
1992	4	15	122.5289085
1992	4	16	135.4808394
1992	4	17	243.4400786
1992	4	18	259.3283072
1992	4	19	174.1857827
1992	4	20	115.4407029
1992	4	21	65.50000325
1992	4	22	56.82788945
1992	4	23	61.70240349
1992	4	24	49.91833228
1992	4	25	40.44973618
1992	4	26	40.44973618
1992	4	27	35.64854437
1992	4	28	38.49016531
1992	4	29	42.46165741
1992	4	30	79.04321803
1992	5	1	84.84455214
1992	5	2	100.3181434
1992	5	3	126.1581934
1992	5	4	127.9941855
1992	5	5	98.70807129
1992	5	6	56.82788945
1992	5	7	74.83669214
1992	5	8	281.3540843
1992	5	9	248.6762349
1992	5	10	143.1965087
1992	5	11	97.1119809
1992	5	12	74.83669214
1992	5	13	84.84455214
1992	5	14	105.2324173
1992	5	15	133.5877429
1992	5	16	143.1965087
1992	5	17	159.3186405
1992	5	18	145.1613205
1992	5	19	84.84455214
1992	5	20	58.02633413
1992	5	21	56.82788945
1992	5	22	45.57810772
1992	5	23	51.03656599
1992	5	24	45.57810772
1992	5	25	45.57810772
1992	5	26	47.72172228
1992	5	27	43.48730847
1992	5	28	32.92361341
1992	5	29	32.04111633
1992	5	30	31.17148292
1992	5	31	23.91922795
1992	6	1	18.32928674
1992	6	2	27.01534384
1992	6	3	25.44199453
1992	6	4	6.594254286
1992	6	5	3.67800908
1992	6	6	2.669214899
1992	6	7	2.443933608
1992	6	8	1.160386832
1992	6	9	2.905196774
1992	6	10	1.160386832
1992	6	11	0.650055987
1992	6	12	1.475505728
1992	6	13	3.151946608
1992	6	14	8.612415733
1992	6	15	13.5291029
1992	6	16	23.17674129
1992	6	17	9.501061983
1992	6	18	1.831583819
1992	6	19	2.443933608
1992	6	20	0.227775754
1992	6	21	0.368835846
1992	6	22	0.027378839
1992	6	23	0.082529332
1992	6	24	0.082529332
1992	6	25	0.293762897
1992	6	26	0.453149308
1992	6	27	0.1223601
1992	6	28	0.453149308
1992	6	29	2.025191576
1992	6	30	10.43673111
1992	7	1	105.2324173
1992	7	2	248.6762349
1992	7	3	118.9564531
1992	7	4	79.04321803
1992	7	5	87.8281023
1992	7	6	68.09951996
1992	7	7	54.47124341
1992	7	8	51.03656599
1992	7	9	56.82788945
1992	7	10	53.313
1992	7	11	77.6273138
1992	7	12	135.4808394
1992	7	13	272.9814052
1992	7	14	307.2892452
1992	7	15	230.6110802
1992	7	16	210.8582601
1992	7	17	256.6427899
1992	7	18	350.0842621
1992	7	19	406.0985573
1992	7	20	331.376656
1992	7	21	220.6159507
1992	7	22	137.3882494
1992	7	23	100.3181434
1992	7	24	89.34066049
1992	7	25	54.47124341
1992	7	26	40.44973618
1992	7	27	59.23822099
1992	7	28	53.313
1992	7	29	47.72172228
1992	7	30	161.3989479
1992	7	31	127.9941855
1992	8	1	198.9938339
1992	8	2	97.1119809
1992	8	3	93.9616777
1992	8	4	53.313
1992	8	5	40.44973618
1992	8	6	36.58275255
1992	8	7	36.58275255
1992	8	8	76.22514468
1992	8	9	86.3294054
1992	8	10	72.10086197
1992	8	11	73.4619375
1992	8	12	402.6798622
1992	8	13	470.2993054
1992	8	14	409.5327786
1992	8	15	419.9286959
1992	8	16	580.2940511
1992	8	17	559.7409134
1992	8	18	489.0330386
1992	8	19	292.7292447
1992	8	20	174.1857827
1992	8	21	110.2731241
1992	8	22	93.9616777
1992	8	23	62.95473982
1992	8	24	65.50000325
1992	8	25	213.2754661
1992	8	26	419.9286959
1992	8	27	1614.489694
1992	8	28	2574.906969
1992	8	29	1189.275435
1992	8	30	817.8622587
1992	8	31	508.1603039
1992	9	1	455.5948982
1992	9	2	301.4196948
1992	9	3	256.6427899
1992	9	4	287.0114004
1992	9	5	215.7074749
1992	9	6	139.3099878
1992	9	7	137.3882494
1992	9	8	176.3678813
1992	9	9	203.6953341
1992	9	10	267.4750178
1992	9	11	220.6159507
1992	9	12	259.3283072
1992	9	13	319.2109373
1992	9	14	392.5168362
1992	9	15	359.6452362
1992	9	16	233.1470542
1992	9	17	110.2731241
1992	9	18	97.1119809
1992	9	19	89.34066049
1992	9	20	84.84455214
1992	9	21	79.04321803
1992	9	22	86.3294054
1992	9	23	100.3181434
1992	9	24	201.3372141
1992	9	25	1406.493529
1992	9	26	936.9802527
1992	9	27	657.5928383
1992	9	28	567.91441
1992	9	29	512.0330796
1992	9	30	334.4562943
1992	10	1	178.5645759
1992	10	2	122.5289085
1992	10	3	117.1914977
1992	10	4	103.5802998
1992	10	5	97.1119809
1992	10	6	92.40743082
1992	10	7	92.40743082
1992	10	8	98.70807129
1992	10	9	126.1581934
1992	10	10	161.3989479
1992	10	11	213.2754661
1992	10	12	220.6159507
1992	10	13	256.6427899
1992	10	14	284.1751819
1992	10	15	137.3882494
1992	10	16	110.2731241
1992	10	17	69.41967235
1992	10	18	72.10086197
1992	10	19	76.22514468
1992	10	20	76.22514468
1992	10	21	72.10086197
1992	10	22	83.37352473
1992	10	23	111.9815321
1992	10	24	151.1421351
1992	10	25	201.3372141
1992	10	26	230.6110802
1992	10	27	281.3540843
1992	10	28	246.0506765
1992	10	29	155.2014711
1992	10	30	89.34066049
1992	10	31	77.6273138
1992	11	1	54.47124341
1992	11	2	49.91833228
1992	11	3	65.50000325
1992	11	4	72.10086197
1992	11	5	74.83669214
1992	11	6	79.04321803
1992	11	7	93.9616777
1992	11	8	131.7089452
1992	11	9	139.3099878
1992	11	10	253.9722799
1992	11	11	322.2294629
1992	11	12	359.6452362
1992	11	13	275.7572072
1992	11	14	165.6030776
1992	11	15	141.2460693
1992	11	16	103.5802998
1992	11	17	117.1914977
1992	11	18	113.704053
1992	11	19	113.704053
1992	11	20	137.3882494
1992	11	21	167.7269276
1992	11	22	218.1542989
1992	11	23	213.2754661
1992	11	24	259.3283072
1992	11	25	270.2206792
1992	11	26	178.5645759
1992	11	27	133.5877429
1992	11	28	122.5289085
1992	11	29	131.7089452
1992	11	30	139.3099878
1992	12	1	95.52985536
1992	12	2	81.91630528
1992	12	3	97.1119809
1992	12	4	106.8985829
1992	12	5	106.8985829
1992	12	6	117.1914977
1992	12	7	139.3099878
1992	12	8	213.2754661
1992	12	9	238.2637168
1992	12	10	270.2206792
1992	12	11	248.6762349
1992	12	12	375.8880686
1992	12	13	262.0288432
1992	12	14	131.7089452
1992	12	15	137.3882494
1992	12	16	126.1581934
1992	12	17	126.1581934
1992	12	18	122.5289085
1992	12	19	117.1914977
1992	12	20	151.1421351
1992	12	21	122.5289085
1992	12	22	169.8653194
1992	12	23	174.1857827
1992	12	24	167.7269276
1992	12	25	233.1470542
1992	12	26	165.6030776
1992	12	27	176.3678813
1992	12	28	139.3099878
1992	12	29	131.7089452
1992	12	30	117.1914977
1992	12	31	118.9564531
1993	1	1	120.7355848
1993	1	2	108.5788131
1993	1	3	93.9616777
1993	1	4	106.8985829
1993	1	5	113.704053
1993	1	6	89.34066049
1993	1	7	105.2324173
1993	1	8	127.9941855
1993	1	9	153.164581
1993	1	10	176.3678813
1993	1	11	145.1613205
1993	1	12	74.83669214
1993	1	13	62.95473982
1993	1	14	62.95473982
1993	1	15	59.23822099
1993	1	16	53.313
1993	1	17	55.64286619
1993	1	18	55.64286619
1993	1	19	64.22059976
1993	1	20	66.7929701
1993	1	21	80.47287576
1993	1	22	100.3181434
1993	1	23	122.5289085
1993	1	24	124.3364395
1993	1	25	147.1405192
1993	1	26	98.70807129
1993	1	27	89.34066049
1993	1	28	79.04321803
1993	1	29	76.22514468
1993	1	30	64.22059976
1993	1	31	51.03656599
1993	2	1	47.72172228
1993	2	2	52.16811468
1993	2	3	53.313
1993	2	4	56.82788945
1993	2	5	84.84455214
1993	2	6	131.7089452
1993	2	7	143.1965087
1993	2	8	206.0682067
1993	2	9	201.3372141
1993	2	10	79.04321803
1993	2	11	59.23822099
1993	2	12	58.02633413
1993	2	13	54.47124341
1993	2	14	235.6979291
1993	2	15	45.57810772
1993	2	16	55.64286619
1993	2	17	92.40743082
1993	2	18	122.5289085
1993	2	19	117.1914977
1993	2	20	122.5289085
1993	2	21	178.5645759
1993	2	22	270.2206792
1993	2	23	272.9814052
1993	2	24	251.3167654
1993	2	25	183.0018065
1993	2	26	122.5289085
1993	2	27	139.3099878
1993	2	28	87.8281023
1993	3	1	65.50000325
1993	3	2	58.02633413
1993	3	3	56.82788945
1993	3	4	60.46357064
1993	3	5	68.09951996
1993	3	6	86.3294054
1993	3	7	118.9564531
1993	3	8	165.6030776
1993	3	9	233.1470542
1993	3	10	270.2206792
1993	3	11	183.0018065
1993	3	12	87.8281023
1993	3	13	64.22059976
1993	3	14	64.22059976
1993	3	15	56.82788945
1993	3	16	66.7929701
1993	3	17	58.02633413
1993	3	18	64.22059976
1993	3	19	60.46357064
1993	3	20	68.09951996
1993	3	21	80.47287576
1993	3	22	90.86709752
1993	3	23	118.9564531
1993	3	24	133.5877429
1993	3	25	118.9564531
1993	3	26	103.5802998
1993	3	27	68.09951996
1993	3	28	55.64286619
1993	3	29	45.57810772
1993	3	30	53.313
1993	3	31	44.52611756
1993	4	1	47.72172228
1993	4	2	46.64330175
1993	4	3	60.46357064
1993	4	4	72.10086197
1993	4	5	98.70807129
1993	4	6	151.1421351
1993	4	7	223.0924425
1993	4	8	238.2637168
1993	4	9	161.3989479
1993	4	10	76.22514468
1993	4	11	65.50000325
1993	4	12	56.82788945
1993	4	13	44.52611756
1993	4	14	48.81339172
1993	4	15	47.72172228
1993	4	16	46.64330175
1993	4	17	46.64330175
1993	4	18	56.82788945
1993	4	19	54.47124341
1993	4	20	79.04321803
1993	4	21	92.40743082
1993	4	22	106.8985829
1993	4	23	110.2731241
1993	4	24	70.75344661
1993	4	25	68.09951996
1993	4	26	70.75344661
1993	4	27	86.3294054
1993	4	28	108.5788131
1993	4	29	143.1965087
1993	4	30	161.3989479
1993	5	1	84.84455214
1993	5	2	86.3294054
1993	5	3	86.3294054
1993	5	4	124.3364395
1993	5	5	147.1405192
1993	5	6	208.4558445
1993	5	7	270.2206792
1993	5	8	253.9722799
1993	5	9	149.1341193
1993	5	10	70.75344661
1993	5	11	62.95473982
1993	5	12	62.95473982
1993	5	13	66.7929701
1993	5	14	137.3882494
1993	5	15	98.70807129
1993	5	16	118.9564531
1993	5	17	90.86709752
1993	5	18	79.04321803
1993	5	19	110.2731241
1993	5	20	149.1341193
1993	5	21	298.5077056
1993	5	22	298.5077056
1993	5	23	392.5168362
1993	5	24	353.2558834
1993	5	25	395.8890114
1993	5	26	307.2892452
1993	5	27	319.2109373
1993	5	28	145.1613205
1993	5	29	129.8444311
1993	5	30	111.9815321
1993	5	31	92.40743082
1993	6	1	139.3099878
1993	6	2	270.2206792
1993	6	3	653.1621306
1993	6	4	609.738246
1993	6	5	353.2558834
1993	6	6	228.089995
1993	6	7	238.2637168
1993	6	8	256.6427899
1993	6	9	238.2637168
1993	6	10	203.6953341
1993	6	11	172.0182666
1993	6	12	163.4937556
1993	6	13	151.1421351
1993	6	14	141.2460693
1993	6	15	196.6651807
1993	6	16	218.1542989
1993	6	17	270.2206792
1993	6	18	287.0114004
1993	6	19	307.2892452
1993	6	20	343.7870782
1993	6	21	372.6086674
1993	6	22	362.8629881
1993	6	23	328.3123116
1993	6	24	243.4400786
1993	6	25	105.2324173
1993	6	26	98.70807129
1993	6	27	137.3882494
1993	6	28	343.7870782
1993	6	29	474.0146238
1993	6	30	837.9545416
1993	7	1	504.3033143
1993	7	2	441.1410339
1993	7	3	402.6798622
1993	7	4	382.4931936
1993	7	5	379.1829074
1993	7	6	325.2632508
1993	7	7	331.376656
1993	7	8	322.2294629
1993	7	9	389.1601481
1993	7	10	270.2206792
1993	7	11	174.1857827
1993	7	12	228.089995
1993	7	13	1047.660611
1993	7	14	2211.021175
1993	7	15	1213.816986
1993	7	16	648.7475052
1993	7	17	991.4910677
1993	7	18	1522.466827
1993	7	19	1195.385588
1993	7	20	759.1533462
1993	7	21	802.9647739
1993	7	22	920.9494277
1993	7	23	508.1603039
1993	7	24	444.7310442
1993	7	25	402.6798622
1993	7	26	346.9279971
1993	7	27	319.2109373
1993	7	28	319.2109373
1993	7	29	310.2468282
1993	7	30	359.6452362
1993	7	31	350.0842621
1993	8	1	389.1601481
1993	8	2	519.8260249
1993	8	3	1036.293677
1993	8	4	1334.07528
1993	8	5	817.8622587
1993	8	6	485.2548456
1993	8	7	340.661495
1993	8	8	389.1601481
1993	8	9	1232.399923
1993	8	10	1868.936796
1993	8	11	1853.41509
1993	8	12	1129.097529
1993	8	13	802.9647739
1993	8	14	657.5928383
1993	8	15	1099.637025
1993	8	16	698.1942393
1993	8	17	609.738246
1993	8	18	559.7409134
1993	8	19	444.7310442
1993	8	20	527.6822211
1993	8	21	1002.592059
1993	8	22	991.4910677
1993	8	23	572.025029
1993	8	24	416.4478382
1993	8	25	496.6366578
1993	8	26	1030.635175
1993	8	27	749.5965558
1993	8	28	512.0330796
1993	8	29	382.4931936
1993	8	30	328.3123116
1993	8	31	362.8629881
1993	9	1	406.0985573
1993	9	2	359.6452362
1993	9	3	379.1829074
1993	9	4	423.4251182
1993	9	5	292.7292447
1993	9	6	192.052004
1993	9	7	180.7758799
1993	9	8	172.0182666
1993	9	9	178.5645759
1993	9	10	161.3989479
1993	9	11	141.2460693
1993	9	12	139.3099878
1993	9	13	157.2528195
1993	9	14	206.0682067
1993	9	15	233.1470542
1993	9	16	310.2468282
1993	9	17	588.6268416
1993	9	18	1165.002884
1993	9	19	744.8425353
1993	9	20	372.6086674
1993	9	21	253.9722799
1993	9	22	223.0924425
1993	9	23	196.6651807
1993	9	24	155.2014711
1993	9	25	126.1581934
1993	9	26	115.4407029
1993	9	27	122.5289085
1993	9	28	153.164581
1993	9	29	180.7758799
1993	9	30	180.7758799
1993	10	1	176.3678813
1993	10	2	210.8582601
1993	10	3	194.3512417
1993	10	4	118.9564531
1993	10	5	79.04321803
1993	10	6	73.4619375
1993	10	7	70.75344661
1993	10	8	65.50000325
1993	10	9	59.23822099
1993	10	10	64.22059976
1993	10	11	55.64286619
1993	10	12	70.75344661
1993	10	13	81.91630528
1993	10	14	143.1965087
1993	10	15	198.9938339
1993	10	16	259.3283072
1993	10	17	292.7292447
1993	10	18	163.4937556
1993	10	19	89.34066049
1993	10	20	51.03656599
1993	10	21	55.64286619
1993	10	22	56.82788945
1993	10	23	48.81339172
1993	10	24	58.02633413
1993	10	25	51.03656599
1993	10	26	68.09951996
1993	10	27	103.5802998
1993	10	28	147.1405192
1993	10	29	198.9938339
1993	10	30	259.3283072
1993	10	31	328.3123116
1993	11	1	167.7269276
1993	11	2	139.3099878
1993	11	3	70.75344661
1993	11	4	51.03656599
1993	11	5	46.64330175
1993	11	6	49.91833228
1993	11	7	53.313
1993	11	8	56.82788945
1993	11	9	58.02633413
1993	11	10	62.95473982
1993	11	11	76.22514468
1993	11	12	120.7355848
1993	11	13	201.3372141
1993	11	14	270.2206792
1993	11	15	307.2892452
1993	11	16	281.3540843
1993	11	17	147.1405192
1993	11	18	65.50000325
1993	11	19	59.23822099
1993	11	20	56.82788945
1993	11	21	58.02633413
1993	11	22	61.70240349
1993	11	23	64.22059976
1993	11	24	110.2731241
1993	11	25	153.164581
1993	11	26	70.75344661
1993	11	27	77.6273138
1993	11	28	127.9941855
1993	11	29	61.70240349
1993	11	30	161.3989479
1993	12	1	165.6030776
1993	12	2	161.3989479
1993	12	3	70.75344661
1993	12	4	65.50000325
1993	12	5	60.46357064
1993	12	6	55.64286619
1993	12	7	55.64286619
1993	12	8	52.16811468
1993	12	9	53.313
1993	12	10	65.50000325
1993	12	11	90.86709752
1993	12	12	131.7089452
1993	12	13	137.3882494
1993	12	14	127.9941855
1993	12	15	126.1581934
1993	12	16	98.70807129
1993	12	17	48.81339172
1993	12	18	48.81339172
1993	12	19	49.91833228
1993	12	20	49.91833228
1993	12	21	44.52611756
1993	12	22	51.03656599
1993	12	23	44.52611756
1993	12	24	42.46165741
1993	12	25	47.72172228
1993	12	26	60.46357064
1993	12	27	84.84455214
1993	12	28	89.34066049
1993	12	29	111.9815321
1993	12	30	124.3364395
1993	12	31	135.4808394
1994	1	1	228.089995
1994	1	2	117.1914977
1994	1	3	46.64330175
1994	1	4	51.03656599
1994	1	5	45.57810772
1994	1	6	49.91833228
1994	1	7	47.72172228
1994	1	8	56.82788945
1994	1	9	65.50000325
1994	1	10	80.47287576
1994	1	11	111.9815321
1994	1	12	141.2460693
1994	1	13	165.6030776
1994	1	14	165.6030776
1994	1	15	185.2423691
1994	1	16	115.4407029
1994	1	17	56.82788945
1994	1	18	61.70240349
1994	1	19	52.16811468
1994	1	20	47.72172228
1994	1	21	47.72172228
1994	1	22	47.72172228
1994	1	23	47.72172228
1994	1	24	48.81339172
1994	1	25	68.09951996
1994	1	26	83.37352473
1994	1	27	95.52985536
1994	1	28	147.1405192
1994	1	29	159.3186405
1994	1	30	225.5837865
1994	1	31	208.4558445
1994	2	1	97.1119809
1994	2	2	64.22059976
1994	2	3	62.95473982
1994	2	4	62.95473982
1994	2	5	61.70240349
1994	2	6	65.50000325
1994	2	7	62.95473982
1994	2	8	76.22514468
1994	2	9	95.52985536
1994	2	10	97.1119809
1994	2	11	167.7269276
1994	2	12	167.7269276
1994	2	13	101.942214
1994	2	14	98.70807129
1994	2	15	60.46357064
1994	2	16	56.82788945
1994	2	17	47.72172228
1994	2	18	46.64330175
1994	2	19	47.72172228
1994	2	20	52.16811468
1994	2	21	42.46165741
1994	2	22	55.64286619
1994	2	23	54.47124341
1994	2	24	77.6273138
1994	2	25	110.2731241
1994	2	26	159.3186405
1994	2	27	246.0506765
1994	2	28	183.0018065
1994	3	1	98.70807129
1994	3	2	113.704053
1994	3	3	92.40743082
1994	3	4	54.47124341
1994	3	5	52.16811468
1994	3	6	61.70240349
1994	3	7	62.95473982
1994	3	8	89.34066049
1994	3	9	93.9616777
1994	3	10	98.70807129
1994	3	11	139.3099878
1994	3	12	149.1341193
1994	3	13	145.1613205
1994	3	14	127.9941855
1994	3	15	110.2731241
1994	3	16	58.02633413
1994	3	17	43.48730847
1994	3	18	42.46165741
1994	3	19	43.48730847
1994	3	20	42.46165741
1994	3	21	36.58275255
1994	3	22	40.44973618
1994	3	23	46.64330175
1994	3	24	58.02633413
1994	3	25	74.83669214
1994	3	26	103.5802998
1994	3	27	149.1341193
1994	3	28	215.7074749
1994	3	29	218.1542989
1994	3	30	129.8444311
1994	3	31	54.47124341
1994	4	1	110.2731241
1994	4	2	74.83669214
1994	4	3	61.70240349
1994	4	4	49.91833228
1994	4	5	44.52611756
1994	4	6	45.57810772
1994	4	7	52.16811468
1994	4	8	64.22059976
1994	4	9	59.23822099
1994	4	10	64.22059976
1994	4	11	69.41967235
1994	4	12	115.4407029
1994	4	13	98.70807129
1994	4	14	129.8444311
1994	4	15	106.8985829
1994	4	16	79.04321803
1994	4	17	58.02633413
1994	4	18	49.91833228
1994	4	19	48.81339172
1994	4	20	39.46341888
1994	4	21	42.46165741
1994	4	22	44.52611756
1994	4	23	56.82788945
1994	4	24	79.04321803
1994	4	25	87.8281023
1994	4	26	124.3364395
1994	4	27	137.3882494
1994	4	28	124.3364395
1994	4	29	122.5289085
1994	4	30	97.1119809
1994	5	1	76.22514468
1994	5	2	39.46341888
1994	5	3	54.47124341
1994	5	4	66.7929701
1994	5	5	51.03656599
1994	5	6	43.48730847
1994	5	7	59.23822099
1994	5	8	58.02633413
1994	5	9	55.64286619
1994	5	10	76.22514468
1994	5	11	76.22514468
1994	5	12	124.3364395
1994	5	13	118.9564531
1994	5	14	106.8985829
1994	5	15	206.0682067
1994	5	16	223.0924425
1994	5	17	169.8653194
1994	5	18	126.1581934
1994	5	19	74.83669214
1994	5	20	62.95473982
1994	5	21	54.47124341
1994	5	22	64.22059976
1994	5	23	60.46357064
1994	5	24	120.7355848
1994	5	25	161.3989479
1994	5	26	259.3283072
1994	5	27	243.4400786
1994	5	28	185.2423691
1994	5	29	153.164581
1994	5	30	100.3181434
1994	5	31	36.58275255
1994	6	1	58.02633413
1994	6	2	62.95473982
1994	6	3	55.64286619
1994	6	4	70.75344661
1994	6	5	68.09951996
1994	6	6	73.4619375
1994	6	7	100.3181434
1994	6	8	106.8985829
1994	6	9	103.5802998
1994	6	10	131.7089452
1994	6	11	117.1914977
1994	6	12	127.9941855
1994	6	13	108.5788131
1994	6	14	153.164581
1994	6	15	80.47287576
1994	6	16	79.04321803
1994	6	17	55.64286619
1994	6	18	44.52611756
1994	6	19	60.46357064
1994	6	20	86.3294054
1994	6	21	90.86709752
1994	6	22	113.704053
1994	6	23	133.5877429
1994	6	24	131.7089452
1994	6	25	133.5877429
1994	6	26	163.4937556
1994	6	27	139.3099878
1994	6	28	129.8444311
1994	6	29	100.3181434
1994	6	30	292.7292447
1994	7	1	1019.368071
1994	7	2	1002.592059
1994	7	3	531.6340601
1994	7	4	225.5837865
1994	7	5	185.2423691
1994	7	6	243.4400786
1994	7	7	223.0924425
1994	7	8	106.8985829
1994	7	9	41.44914113
1994	7	10	172.0182666
1994	7	11	192.052004
1994	7	12	307.2892452
1994	7	13	84.84455214
1994	7	14	95.52985536
1994	7	15	122.5289085
1994	7	16	66.7929701
1994	7	17	73.4619375
1994	7	18	48.81339172
1994	7	19	47.72172228
1994	7	20	59.23822099
1994	7	21	62.95473982
1994	7	22	74.83669214
1994	7	23	89.34066049
1994	7	24	90.86709752
1994	7	25	98.70807129
1994	7	26	89.34066049
1994	7	27	178.5645759
1994	7	28	198.9938339
1994	7	29	137.3882494
1994	7	30	143.1965087
1994	7	31	25.44199453
1994	8	1	264.7444096
1994	8	2	220.6159507
1994	8	3	225.5837865
1994	8	4	120.7355848
1994	8	5	106.8985829
1994	8	6	64.22059976
1994	8	7	43.48730847
1994	8	8	34.72730191
1994	8	9	24.67430269
1994	8	10	100.3181434
1994	8	11	225.5837865
1994	8	12	225.5837865
1994	8	13	143.1965087
1994	8	14	110.2731241
1994	8	15	115.4407029
1994	8	16	64.22059976
1994	8	17	68.09951996
1994	8	18	228.089995
1994	8	19	275.7572072
1994	8	20	213.2754661
1994	8	21	80.47287576
1994	8	22	62.95473982
1994	8	23	120.7355848
1994	8	24	155.2014711
1994	8	25	98.70807129
1994	8	26	92.40743082
1994	8	27	80.47287576
1994	8	28	262.0288432
1994	8	29	1592.996143
1994	8	30	2219.543
1994	8	31	496.6366578
1994	9	1	225.5837865
1994	9	2	133.5877429
1994	9	3	97.1119809
1994	9	4	83.37352473
1994	9	5	106.8985829
1994	9	6	151.1421351
1994	9	7	101.942214
1994	9	8	68.09951996
1994	9	9	53.313
1994	9	10	43.48730847
1994	9	11	40.44973618
1994	9	12	51.03656599
1994	9	13	48.81339172
1994	9	14	39.46341888
1994	9	15	35.64854437
1994	9	16	32.04111633
1994	9	17	31.17148292
1994	9	18	31.17148292
1994	9	19	23.91922795
1994	9	20	20.3320826
1994	9	21	13.5291029
1994	9	22	21.7294144
1994	9	23	31.17148292
1994	9	24	29.470702
1994	9	25	29.470702
1994	9	26	28.63950125
1994	9	27	21.7294144
1994	9	28	17.68641546
1994	9	29	28.63950125
1994	9	30	27.82105765
1994	10	1	26.22233213
1994	10	2	23.91922795
1994	10	3	23.17674129
1994	10	4	21.02451431
1994	10	5	21.02451431
1994	10	6	23.17674129
1994	10	7	23.17674129
1994	10	8	20.3320826
1994	10	9	20.3320826
1994	10	10	23.91922795
1994	10	11	28.63950125
1994	10	12	89.34066049
1994	10	13	215.7074749
1994	10	14	139.3099878
1994	10	15	79.04321803
1994	10	16	68.09951996
1994	10	17	68.09951996
1994	10	18	68.09951996
1994	10	19	98.70807129
1994	10	20	80.47287576
1994	10	21	70.75344661
1994	10	22	70.75344661
1994	10	23	126.1581934
1994	10	24	137.3882494
1994	10	25	137.3882494
1994	10	26	137.3882494
1994	10	27	1.160386832
1994	10	28	1.160386832
1994	10	29	1.160386832
1994	10	30	1.160386832
1994	10	31	16.43756896
1994	11	1	56.82788945
1994	11	2	55.64286619
1994	11	3	61.70240349
1994	11	4	54.47124341
1994	11	5	53.313
1994	11	6	54.47124341
1994	11	7	64.22059976
1994	11	8	59.23822099
1994	11	9	56.82788945
1994	11	10	56.82788945
1994	11	11	55.64286619
1994	11	12	53.313
1994	11	13	48.81339172
1994	11	14	52.16811468
1994	11	15	53.313
1994	11	16	53.313
1994	11	17	58.02633413
1994	11	18	49.91833228
1994	11	19	58.02633413
1994	11	20	53.313
1994	11	21	59.23822099
1994	11	22	58.02633413
1994	11	23	65.50000325
1994	11	24	62.95473982
1994	11	25	49.91833228
1994	11	26	49.91833228
1994	11	27	49.91833228
1994	11	28	61.70240349
1994	11	29	52.16811468
1994	11	30	59.23822099
1994	12	1	59.23822099
1994	12	2	59.23822099
1994	12	3	59.23822099
1994	12	4	60.46357064
1994	12	5	60.46357064
1994	12	6	60.46357064
1994	12	7	60.46357064
1994	12	8	61.70240349
1994	12	9	60.46357064
1994	12	10	64.22059976
1994	12	11	61.70240349
1994	12	12	61.70240349
1994	12	13	59.23822099
1994	12	14	60.46357064
1994	12	15	58.02633413
1994	12	16	64.22059976
1994	12	17	56.82788945
1994	12	18	58.02633413
1994	12	19	51.03656599
1994	12	20	43.48730847
1994	12	21	56.82788945
1994	12	22	32.92361341
1994	12	23	43.48730847
1994	12	24	24.67430269
1994	12	25	35.64854437
1994	12	26	54.47124341
1994	12	27	61.70240349
1994	12	28	59.23822099
1994	12	29	62.95473982
1994	12	30	61.70240349
1994	12	31	60.46357064
1995	1	1	59.23822099
1995	1	2	55.64286619
1995	1	3	53.313
1995	1	4	56.82788945
1995	1	5	59.23822099
1995	1	6	56.82788945
1995	1	7	56.82788945
1995	1	8	62.95473982
1995	1	9	58.02633413
1995	1	10	56.82788945
1995	1	11	58.02633413
1995	1	12	47.72172228
1995	1	13	37.52995132
1995	1	14	59.23822099
1995	1	15	61.70240349
1995	1	16	28.63950125
1995	1	17	53.313
1995	1	18	58.02633413
1995	1	19	64.22059976
1995	1	20	58.02633413
1995	1	21	55.64286619
1995	1	22	58.02633413
1995	1	23	42.46165741
1995	1	24	60.46357064
1995	1	25	58.02633413
1995	1	26	42.46165741
1995	1	27	56.82788945
1995	1	28	62.95473982
1995	1	29	61.70240349
1995	1	30	42.46165741
1995	1	31	62.95473982
1995	2	1	62.95473982
1995	2	2	54.47124341
1995	2	3	62.95473982
1995	2	4	65.50000325
1995	2	5	66.7929701
1995	2	6	62.95473982
1995	2	7	64.22059976
1995	2	8	61.70240349
1995	2	9	61.70240349
1995	2	10	66.7929701
1995	2	11	69.41967235
1995	2	12	69.41967235
1995	2	13	70.75344661
1995	2	14	55.64286619
1995	2	15	61.70240349
1995	2	16	76.22514468
1995	2	17	61.70240349
1995	2	18	66.7929701
1995	2	19	61.70240349
1995	2	20	56.82788945
1995	2	21	62.95473982
1995	2	22	64.22059976
1995	2	23	61.70240349
1995	2	24	60.46357064
1995	2	25	60.46357064
1995	2	26	65.50000325
1995	2	27	59.23822099
1995	2	28	55.64286619
1995	3	1	59.23822099
1995	3	2	61.70240349
1995	3	3	54.47124341
1995	3	4	54.47124341
1995	3	5	56.82788945
1995	3	6	56.82788945
1995	3	7	54.47124341
1995	3	8	58.02633413
1995	3	9	64.22059976
1995	3	10	66.7929701
1995	3	11	55.64286619
1995	3	12	59.23822099
1995	3	13	60.46357064
1995	3	14	61.70240349
1995	3	15	58.02633413
1995	3	16	60.46357064
1995	3	17	61.70240349
1995	3	18	58.02633413
1995	3	19	54.47124341
1995	3	20	54.47124341
1995	3	21	56.82788945
1995	3	22	55.64286619
1995	3	23	56.82788945
1995	3	24	58.02633413
1995	3	25	58.02633413
1995	3	26	56.82788945
1995	3	27	56.82788945
1995	3	28	62.95473982
1995	3	29	61.70240349
1995	3	30	58.02633413
1995	3	31	60.46357064
1995	4	1	90.86709752
1995	4	2	74.83669214
1995	4	3	28.63950125
1995	4	4	9.501061983
1995	4	5	9.501061983
1995	4	6	9.501061983
1995	4	7	9.501061983
1995	4	8	9.501061983
1995	4	9	9.501061983
1995	4	10	9.501061983
1995	4	11	9.501061983
1995	4	12	9.501061983
1995	4	13	33.81900005
1995	4	14	60.46357064
1995	4	15	47.72172228
1995	4	16	51.03656599
1995	4	17	53.313
1995	4	18	55.64286619
1995	4	19	52.16811468
1995	4	20	55.64286619
1995	4	21	60.46357064
1995	4	22	49.91833228
1995	4	23	103.5802998
1995	4	24	108.5788131
1995	4	25	72.10086197
1995	4	26	97.1119809
1995	4	27	92.40743082
1995	4	28	93.9616777
1995	4	29	103.5802998
1995	4	30	97.1119809
1995	5	1	100.3181434
1995	5	2	98.70807129
1995	5	3	93.9616777
1995	5	4	98.70807129
1995	5	5	105.2324173
1995	5	6	98.70807129
1995	5	7	97.1119809
1995	5	8	93.9616777
1995	5	9	101.942214
1995	5	10	98.70807129
1995	5	11	90.86709752
1995	5	12	90.86709752
1995	5	13	87.8281023
1995	5	14	79.04321803
1995	5	15	92.40743082
1995	5	16	100.3181434
1995	5	17	155.2014711
1995	5	18	92.40743082
1995	5	19	97.1119809
1995	5	20	93.9616777
1995	5	21	72.10086197
1995	5	22	89.34066049
1995	5	23	101.942214
1995	5	24	84.84455214
1995	5	25	76.22514468
1995	5	26	76.22514468
1995	5	27	79.04321803
1995	5	28	84.84455214
1995	5	29	81.91630528
1995	5	30	81.91630528
1995	5	31	76.22514468
1995	6	1	69.41967235
1995	6	2	79.04321803
1995	6	3	86.3294054
1995	6	4	87.8281023
1995	6	5	73.4619375
1995	6	6	73.4619375
1995	6	7	100.3181434
1995	6	8	106.8985829
1995	6	9	103.5802998
1995	6	10	131.7089452
1995	6	11	117.1914977
1995	6	12	127.9941855
1995	6	13	108.5788131
1995	6	14	72.10086197
1995	6	15	76.22514468
1995	6	16	83.37352473
1995	6	17	73.4619375
1995	6	18	70.75344661
1995	6	19	80.47287576
1995	6	20	83.37352473
1995	6	21	74.83669214
1995	6	22	68.09951996
1995	6	23	72.10086197
1995	6	24	74.83669214
1995	6	25	95.52985536
1995	6	26	83.37352473
1995	6	27	83.37352473
1995	6	28	76.22514468
1995	6	29	145.1613205
1995	6	30	83.37352473
1995	7	1	72.10086197
1995	7	2	59.23822099
1995	7	3	58.02633413
1995	7	4	52.16811468
1995	7	5	47.72172228
1995	7	6	118.9564531
1995	7	7	54.47124341
1995	7	8	60.46357064
1995	7	9	64.22059976
1995	7	10	77.6273138
1995	7	11	228.089995
1995	7	12	359.6452362
1995	7	13	153.164581
1995	7	14	79.04321803
1995	7	15	66.7929701
1995	7	16	55.64286619
1995	7	17	53.313
1995	7	18	60.46357064
1995	7	19	69.41967235
1995	7	20	69.41967235
1995	7	21	86.3294054
1995	7	22	68.09951996
1995	7	23	15.83152714
1995	7	24	39.46341888
1995	7	25	86.3294054
1995	7	26	180.7758799
1995	7	27	210.8582601
1995	7	28	83.37352473
1995	7	29	76.22514468
1995	7	30	70.75344661
1995	7	31	76.22514468
1995	8	1	66.7929701
1995	8	2	64.22059976
1995	8	3	68.09951996
1995	8	4	70.75344661
1995	8	5	72.10086197
1995	8	6	73.4619375
1995	8	7	72.10086197
1995	8	8	69.41967235
1995	8	9	180.7758799
1995	8	10	931.6201357
1995	8	11	395.8890114
1995	8	12	135.4808394
1995	8	13	83.37352473
1995	8	14	84.84455214
1995	8	15	106.8985829
1995	8	16	93.9616777
1995	8	17	89.34066049
1995	8	18	77.6273138
1995	8	19	83.37352473
1995	8	20	1008.167453
1995	8	21	1947.58927
1995	8	22	657.5928383
1995	8	23	251.3167654
1995	8	24	958.5859716
1995	8	25	4797.541049
1995	8	26	5633.624724
1995	8	27	2384.808811
1995	8	28	793.1147811
1995	8	29	783.3300499
1995	8	30	1522.466827
1995	8	31	4033.113562
1995	9	1	2850.339147
1995	9	2	1543.445569
1995	9	3	635.6000428
1995	9	4	375.8880686
1995	9	5	267.4750178
1995	9	6	228.089995
1995	9	7	230.6110802
1995	9	8	225.5837865
1995	9	9	203.6953341
1995	9	10	196.6651807
1995	9	11	187.4975808
1995	9	12	169.8653194
1995	9	13	159.3186405
1995	9	14	153.164581
1995	9	15	153.164581
1995	9	16	145.1613205
1995	9	17	126.1581934
1995	9	18	108.5788131
1995	9	19	93.9616777
1995	9	20	81.91630528
1995	9	21	80.47287576
1995	9	22	79.04321803
1995	9	23	80.47287576
1995	9	24	79.04321803
1995	9	25	79.04321803
1995	9	26	86.3294054
1995	9	27	86.3294054
1995	9	28	73.4619375
1995	9	29	66.7929701
1995	9	30	60.46357064
1995	10	1	60.46357064
1995	10	2	40.44973618
1995	10	3	39.46341888
1995	10	4	25.44199453
1995	10	5	33.81900005
1995	10	6	36.58275255
1995	10	7	23.17674129
1995	10	8	29.470702
1995	10	9	41.44914113
1995	10	10	53.313
1995	10	11	29.470702
1995	10	12	36.58275255
1995	10	13	52.16811468
1995	10	14	44.52611756
1995	10	15	39.46341888
1995	10	16	53.313
1995	10	17	44.52611756
1995	10	18	32.92361341
1995	10	19	32.92361341
1995	10	20	32.92361341
1995	10	21	36.58275255
1995	10	22	44.52611756
1995	10	23	54.47124341
1995	10	24	90.86709752
1995	10	25	74.83669214
1995	10	26	32.04111633
1995	10	27	14.08651762
1995	10	28	18.98450032
1995	10	29	69.41967235
1995	10	30	84.84455214
1995	10	31	45.57810772
1995	11	1	12.98375596
1995	11	2	16.43756896
1995	11	3	19.65208837
1995	11	4	20.3320826
1995	11	5	12.98375596
1995	11	6	16.43756896
1995	11	7	20.3320826
1995	11	8	28.63950125
1995	11	9	41.44914113
1995	11	10	53.313
1995	11	11	68.09951996
1995	11	12	37.52995132
1995	11	13	39.46341888
1995	11	14	46.64330175
1995	11	15	60.46357064
1995	11	16	46.64330175
1995	11	17	31.17148292
1995	11	18	40.44973618
1995	11	19	52.16811468
1995	11	20	42.46165741
1995	11	21	28.63950125
1995	11	22	39.46341888
1995	11	23	49.91833228
1995	11	24	58.02633413
1995	11	25	31.17148292
1995	11	26	40.44973618
1995	11	27	51.03656599
1995	11	28	68.09951996
1995	11	29	44.52611756
1995	11	30	18.98450032
1995	12	1	24.67430269
1995	12	2	32.92361341
1995	12	3	42.46165741
1995	12	4	53.313
1995	12	5	64.22059976
1995	12	6	60.46357064
1995	12	7	44.52611756
1995	12	8	53.313
1995	12	9	65.50000325
1995	12	10	77.6273138
1995	12	11	45.57810772
1995	12	12	49.91833228
1995	12	13	58.02633413
1995	12	14	52.16811468
1995	12	15	41.44914113
1995	12	16	51.03656599
1995	12	17	62.95473982
1995	12	18	52.16811468
1995	12	19	36.58275255
1995	12	20	45.57810772
1995	12	21	55.64286619
1995	12	22	66.7929701
1995	12	23	79.04321803
1995	12	24	87.8281023
1995	12	25	101.942214
1995	12	26	115.4407029
1995	12	27	129.8444311
1995	12	28	145.1613205
1995	12	29	157.2528195
1995	12	30	101.942214
1995	12	31	60.46357064
