1986	1	1	206.1104522
1986	1	2	206.1104522
1986	1	3	204.4183348
1986	1	4	204.4183348
1986	1	5	204.4183348
1986	1	6	194.4621866
1986	1	7	184.8387521
1986	1	8	184.8387521
1986	1	9	184.8387521
1986	1	10	184.8387521
1986	1	11	184.8387521
1986	1	12	184.8387521
1986	1	13	183.2667815
1986	1	14	183.2667815
1986	1	15	183.2667815
1986	1	16	184.8387521
1986	1	17	181.7038629
1986	1	18	171.0146098
1986	1	19	171.0146098
1986	1	20	171.0146098
1986	1	21	171.0146098
1986	1	22	184.8387521
1986	1	23	204.4183348
1986	1	24	201.0622882
1986	1	25	192.8353343
1986	1	26	204.4183348
1986	1	27	218.2209053
1986	1	28	216.4621895
1986	1	29	192.8353343
1986	1	30	188.0099576
1986	1	31	209.5230115
1986	2	1	201.0622882
1986	2	2	192.8353343
1986	2	3	194.4621866
1986	2	4	188.0099576
1986	2	5	186.4198017
1986	2	6	204.4183348
1986	2	7	207.8120021
1986	2	8	79.07921253
1986	2	9	202.7356225
1986	2	10	201.0622882
1986	2	11	189.6092469
1986	2	12	202.7356225
1986	2	13	214.7130695
1986	2	14	201.0622882
1986	2	15	181.7038629
1986	2	16	186.4198017
1986	2	17	184.8387521
1986	2	18	184.8387521
1986	2	19	175.5421657
1986	2	20	181.7038629
1986	2	21	178.6050731
1986	2	22	192.8353343
1986	2	23	199.3983046
1986	2	24	202.7356225
1986	2	25	191.2176967
1986	2	26	206.1104522
1986	2	27	212.973518
1986	2	28	209.5230115
1986	3	1	174.0241002
1986	3	2	172.5149239
1986	3	3	178.6050731
1986	3	4	180.1499692
1986	3	5	184.8387521
1986	3	6	201.0622882
1986	3	7	207.8120021
1986	3	8	204.4183348
1986	3	9	180.1499692
1986	3	10	204.4183348
1986	3	11	207.8120021
1986	3	12	207.8120021
1986	3	13	201.0622882
1986	3	14	212.973518
1986	3	15	265.3872232
1986	3	16	303.3107658
1986	3	17	294.5865526
1986	3	18	281.8203847
1986	3	19	269.4331293
1986	3	20	290.2886961
1986	3	21	286.03338
1986	3	22	269.4331293
1986	3	23	267.4050096
1986	3	24	257.4188646
1986	3	25	245.7716757
1986	3	26	232.6393499
1986	3	27	225.3522711
1986	3	28	216.4621895
1986	3	29	211.2435077
1986	3	30	207.8120021
1986	3	31	206.1104522
1986	4	1	191.2176967
1986	4	2	186.4198017
1986	4	3	199.3983046
1986	4	4	219.9892441
1986	4	5	216.4621895
1986	4	6	212.973518
1986	4	7	199.3983046
1986	4	8	174.0241002
1986	4	9	183.2667815
1986	4	10	186.4198017
1986	4	11	191.2176967
1986	4	12	206.1104522
1986	4	13	174.0241002
1986	4	14	171.0146098
1986	4	15	188.0099576
1986	4	16	189.6092469
1986	4	17	204.4183348
1986	4	18	192.8353343
1986	4	19	192.8353343
1986	4	20	196.098281
1986	4	21	191.2176967
1986	4	22	181.7038629
1986	4	23	186.4198017
1986	4	24	204.4183348
1986	4	25	223.5548997
1986	4	26	227.1593745
1986	4	27	223.5548997
1986	4	28	181.7038629
1986	4	29	171.0146098
1986	4	30	172.5149239
1986	5	1	177.0691477
1986	5	2	183.2667815
1986	5	3	191.2176967
1986	5	4	189.6092469
1986	5	5	153.6922394
1986	5	6	146.8389647
1986	5	7	140.1950804
1986	5	8	128.7529973
1986	5	9	119.1267705
1986	5	10	113.3642213
1986	5	11	107.7929124
1986	5	12	106.7013048
1986	5	13	149.5549589
1986	5	14	191.2176967
1986	5	15	206.1104522
1986	5	16	201.0622882
1986	5	17	175.5421657
1986	5	18	153.6922394
1986	5	19	174.0241002
1986	5	20	175.5421657
1986	5	21	234.4856544
1986	5	22	236.3418273
1986	5	23	201.0622882
1986	5	24	183.2667815
1986	5	25	162.1973152
1986	5	26	142.8277231
1986	5	27	129.9919869
1986	5	28	119.1267705
1986	5	29	115.6461045
1986	5	30	127.5220061
1986	5	31	141.5072678
1986	6	1	142.8277231
1986	6	2	133.7572162
1986	6	3	127.5220061
1986	6	4	128.7529973
1986	6	5	128.7529973
1986	6	6	120.3025241
1986	6	7	125.083912
1986	6	8	116.7985876
1986	6	9	111.1129365
1986	6	10	101.3550659
1986	6	11	104.5405297
1986	6	12	135.0284691
1986	6	13	138.8911337
1986	6	14	148.1927605
1986	6	15	156.4929342
1986	6	16	180.1499692
1986	6	17	247.6876333
1986	6	18	298.9271693
1986	6	19	257.4188646
1986	6	20	189.6092469
1986	6	21	157.906115
1986	6	22	132.4940695
1986	6	23	144.156473
1986	6	24	283.9216059
1986	6	25	2842.65465
1986	6	26	4790.574782
1986	6	27	2591.083857
1986	6	28	957.959979
1986	6	29	649.6463883
1986	6	30	649.6463883
1986	7	1	582.1694152
1986	7	2	453.0035116
1986	7	3	382.0413166
1986	7	4	314.4592365
1986	7	5	290.2886961
1986	7	6	281.8203847
1986	7	7	279.7296888
1986	7	8	245.7716757
1986	7	9	223.5548997
1986	7	10	211.2435077
1986	7	11	243.8657505
1986	7	12	328.1986386
1986	7	13	631.4034926
1986	7	14	551.9284884
1986	7	15	545.3555286
1986	7	16	470.5549326
1986	7	17	638.6585631
1986	7	18	1502.764806
1986	7	19	1041.718498
1986	7	20	660.7611494
1986	7	21	750.2724877
1986	7	22	1316.466159
1986	7	23	1275.364223
1986	7	24	957.959979
1986	7	25	774.899975
1986	7	26	571.967962
1986	7	27	447.2527743
1986	7	28	382.0413166
1986	7	29	316.7216329
1986	7	30	269.4331293
1986	7	31	227.1593745
1986	8	1	191.2176967
1986	8	2	184.8387521
1986	8	3	171.0146098
1986	8	4	169.5231309
1986	8	5	194.4621866
1986	8	6	202.7356225
1986	8	7	189.6092469
1986	8	8	188.0099576
1986	8	9	232.6393499
1986	8	10	240.083888
1986	8	11	249.6136506
1986	8	12	349.559024
1986	8	13	395.0581228
1986	8	14	1087.999522
1986	8	15	2276.786732
1986	8	16	1021.583078
1986	8	17	575.3549208
1986	8	18	447.2527743
1986	8	19	438.7194076
1986	8	20	382.0413166
1986	8	21	779.056902
1986	8	22	571.967962
1986	8	23	620.625546
1986	8	24	558.5547317
1986	8	25	408.3711267
1986	8	26	321.2793478
1986	8	27	277.6494907
1986	8	28	312.2077776
1986	8	29	758.422014
1986	8	30	1212.540348
1986	8	31	869.8679278
1986	9	1	525.954118
1986	9	2	397.6969171
1986	9	3	359.3464495
1986	9	4	395.0581228
1986	9	5	354.4299252
1986	9	6	312.2077776
1986	9	7	294.5865526
1986	9	8	271.4716099
1986	9	9	261.3825414
1986	9	10	261.3825414
1986	9	11	261.3825414
1986	9	12	253.495974
1986	9	13	241.9698304
1986	9	14	225.3522711
1986	9	15	199.3983046
1986	9	16	188.0099576
1986	9	17	181.7038629
1986	9	18	174.0241002
1986	9	19	171.0146098
1986	9	20	188.0099576
1986	9	21	558.5547317
1986	9	22	1062.120192
1986	9	23	962.7563087
1986	9	24	624.2042776
1986	9	25	464.6543686
1986	9	26	392.4311764
1986	9	27	316.7216329
1986	9	28	269.4331293
1986	9	29	243.8657505
1986	9	30	236.3418273
1986	10	1	230.8028866
1986	10	2	230.8028866
1986	10	3	227.1593745
1986	10	4	218.2209053
1986	10	5	212.973518
1986	10	6	209.5230115
1986	10	7	212.973518
1986	10	8	214.7130695
1986	10	9	211.2435077
1986	10	10	206.1104522
1986	10	11	206.1104522
1986	10	12	249.6136506
1986	10	13	467.5983661
1986	10	14	513.2821708
1986	10	15	444.3959813
1986	10	16	354.4299252
1986	10	17	323.5747214
1986	10	18	294.5865526
1986	10	19	271.4716099
1986	10	20	255.4523348
1986	10	21	251.5497551
1986	10	22	259.3955911
1986	10	23	234.4856544
1986	10	24	214.7130695
1986	10	25	211.2435077
1986	10	26	212.973518
1986	10	27	218.2209053
1986	10	28	216.4621895
1986	10	29	214.7130695
1986	10	30	211.2435077
1986	10	31	209.5230115
1986	11	1	206.1104522
1986	11	2	219.9892441
1986	11	3	225.3522711
1986	11	4	214.7130695
1986	11	5	201.0622882
1986	11	6	209.5230115
1986	11	7	199.3983046
1986	11	8	186.4198017
1986	11	9	175.5421657
1986	11	10	180.1499692
1986	11	11	177.0691477
1986	11	12	174.0241002
1986	11	13	177.0691477
1986	11	14	183.2667815
1986	11	15	181.7038629
1986	11	16	177.0691477
1986	11	17	175.5421657
1986	11	18	168.04046
1986	11	19	156.4929342
1986	11	20	156.4929342
1986	11	21	149.5549589
1986	11	22	145.4935445
1986	11	23	160.7582785
1986	11	24	169.5231309
1986	11	25	189.6092469
1986	11	26	194.4621866
1986	11	27	196.098281
1986	11	28	191.2176967
1986	11	29	184.8387521
1986	11	30	153.6922394
1986	12	1	128.7529973
1986	12	2	119.1267705
1986	12	3	115.6461045
1986	12	4	115.6461045
1986	12	5	119.1267705
1986	12	6	131.239002
1986	12	7	148.1927605
1986	12	8	177.0691477
1986	12	9	178.6050731
1986	12	10	196.098281
1986	12	11	183.2667815
1986	12	12	165.1014339
1986	12	13	146.8389647
1986	12	14	141.5072678
1986	12	15	146.8389647
1986	12	16	171.0146098
1986	12	17	194.4621866
1986	12	18	202.7356225
1986	12	19	212.973518
1986	12	20	218.2209053
1986	12	21	212.973518
1986	12	22	216.4621895
1986	12	23	230.8028866
1986	12	24	219.9892441
1986	12	25	223.5548997
1986	12	26	211.2435077
1986	12	27	204.4183348
1986	12	28	174.0241002
1986	12	29	171.0146098
1986	12	30	175.5421657
1986	12	31	155.088318
1987	1	1	150.9255868
1987	1	2	148.1927605
1987	1	3	174.0241002
1987	1	4	219.9892441
1987	1	5	325.8811425
1987	1	6	323.5747214
1987	1	7	277.6494907
1987	1	8	247.6876333
1987	1	9	232.6393499
1987	1	10	227.1593745
1987	1	11	202.7356225
1987	1	12	175.5421657
1987	1	13	156.4929342
1987	1	14	172.5149239
1987	1	15	192.8353343
1987	1	16	194.4621866
1987	1	17	206.1104522
1987	1	18	202.7356225
1987	1	19	194.4621866
1987	1	20	175.5421657
1987	1	21	155.088318
1987	1	22	152.3046713
1987	1	23	157.906115
1987	1	24	156.4929342
1987	1	25	149.5549589
1987	1	26	136.307855
1987	1	27	131.239002
1987	1	28	135.0284691
1987	1	29	152.3046713
1987	1	30	135.0284691
1987	1	31	122.6774897
1987	2	1	136.307855
1987	2	2	152.3046713
1987	2	3	159.3278874
1987	2	4	153.6922394
1987	2	5	163.6450247
1987	2	6	194.4621866
1987	2	7	196.098281
1987	2	8	162.1973152
1987	2	9	142.8277231
1987	2	10	126.2989867
1987	2	11	121.4860882
1987	2	12	184.8387521
1987	2	13	473.5240958
1987	2	14	817.149021
1987	2	15	545.3555286
1987	2	16	424.7425845
1987	2	17	349.559024
1987	2	18	298.9271693
1987	2	19	294.5865526
1987	2	20	253.495974
1987	2	21	219.9892441
1987	2	22	209.5230115
1987	2	23	207.8120021
1987	2	24	207.8120021
1987	2	25	201.0622882
1987	2	26	192.8353343
1987	2	27	172.5149239
1987	2	28	159.3278874
1987	3	1	146.8389647
1987	3	2	159.3278874
1987	3	3	172.5149239
1987	3	4	201.0622882
1987	3	5	194.4621866
1987	3	6	202.7356225
1987	3	7	191.2176967
1987	3	8	192.8353343
1987	3	9	183.2667815
1987	3	10	169.5231309
1987	3	11	162.1973152
1987	3	12	157.906115
1987	3	13	126.2989867
1987	3	14	121.4860882
1987	3	15	117.9588006
1987	3	16	133.7572162
1987	3	17	157.906115
1987	3	18	152.3046713
1987	3	19	132.4940695
1987	3	20	123.8767553
1987	3	21	126.2989867
1987	3	22	126.2989867
1987	3	23	142.8277231
1987	3	24	184.8387521
1987	3	25	194.4621866
1987	3	26	286.03338
1987	3	27	359.3464495
1987	3	28	305.5187501
1987	3	29	265.3872232
1987	3	30	234.4856544
1987	3	31	209.5230115
1987	4	1	201.0622882
1987	4	2	174.0241002
1987	4	3	168.04046
1987	4	4	166.56657
1987	4	5	162.1973152
1987	4	6	137.5954009
1987	4	7	127.5220061
1987	4	8	127.5220061
1987	4	9	126.2989867
1987	4	10	123.8767553
1987	4	11	123.8767553
1987	4	12	119.1267705
1987	4	13	114.5013247
1987	4	14	113.3642213
1987	4	15	120.3025241
1987	4	16	117.9588006
1987	4	17	117.9588006
1987	4	18	108.8920357
1987	4	19	103.4713087
1987	4	20	99.26824417
1987	4	21	108.8920357
1987	4	22	126.2989867
1987	4	23	116.7985876
1987	4	24	136.307855
1987	4	25	162.1973152
1987	4	26	156.4929342
1987	4	27	148.1927605
1987	4	28	145.4935445
1987	4	29	128.7529973
1987	4	30	126.2989867
1987	5	1	127.5220061
1987	5	2	122.6774897
1987	5	3	153.6922394
1987	5	4	162.1973152
1987	5	5	207.8120021
1987	5	6	206.1104522
1987	5	7	192.8353343
1987	5	8	183.2667815
1987	5	9	171.0146098
1987	5	10	153.6922394
1987	5	11	141.5072678
1987	5	12	126.2989867
1987	5	13	127.5220061
1987	5	14	131.239002
1987	5	15	137.5954009
1987	5	16	138.8911337
1987	5	17	128.7529973
1987	5	18	123.8767553
1987	5	19	121.4860882
1987	5	20	120.3025241
1987	5	21	119.1267705
1987	5	22	114.5013247
1987	5	23	109.9987015
1987	5	24	108.8920357
1987	5	25	122.6774897
1987	5	26	129.9919869
1987	5	27	146.8389647
1987	5	28	180.1499692
1987	5	29	221.7672332
1987	5	30	174.0241002
1987	5	31	146.8389647
1987	6	1	141.5072678
1987	6	2	165.1014339
1987	6	3	219.9892441
1987	6	4	561.8879045
1987	6	5	424.7425845
1987	6	6	232.6393499
1987	6	7	202.7356225
1987	6	8	779.056902
1987	6	9	2553.767604
1987	6	10	1713.173791
1987	6	11	738.1593832
1987	6	12	435.8995715
1987	6	13	364.3088177
1987	6	14	294.5865526
1987	6	15	219.9892441
1987	6	16	196.098281
1987	6	17	178.6050731
1987	6	18	169.5231309
1987	6	19	163.6450247
1987	6	20	175.5421657
1987	6	21	192.8353343
1987	6	22	214.7130695
1987	6	23	218.2209053
1987	6	24	209.5230115
1987	6	25	174.0241002
1987	6	26	180.1499692
1987	6	27	165.1014339
1987	6	28	152.3046713
1987	6	29	138.8911337
1987	6	30	142.8277231
1987	7	1	138.8911337
1987	7	2	129.9919869
1987	7	3	138.8911337
1987	7	4	142.8277231
1987	7	5	137.5954009
1987	7	6	136.307855
1987	7	7	135.0284691
1987	7	8	129.9919869
1987	7	9	141.5072678
1987	7	10	148.1927605
1987	7	11	142.8277231
1987	7	12	138.8911337
1987	7	13	207.8120021
1987	7	14	279.7296888
1987	7	15	316.7216329
1987	7	16	309.9672286
1987	7	17	6086.21966
1987	7	18	2526.019776
1987	7	19	953.1798097
1987	7	20	592.4930185
1987	7	21	430.296662
1987	7	22	337.5799239
1987	7	23	2060.735094
1987	7	24	5244.462744
1987	7	25	3015.758589
1987	7	26	1515.781687
1987	7	27	1426.244985
1987	7	28	1561.940135
1987	7	29	1206.934966
1987	7	30	742.1822975
1987	7	31	595.9614945
1987	8	1	488.5598353
1987	8	2	413.7800386
1987	8	3	369.3172507
1987	8	4	339.9532081
1987	8	5	1281.182105
1987	8	6	2337.461388
1987	8	7	1483.38133
1987	8	8	1114.30129
1987	8	9	1457.800274
1987	8	10	1098.469338
1987	8	11	1082.789974
1987	8	12	783.22886
1987	8	13	691.0268442
1987	8	14	668.2418837
1987	8	15	585.5970068
1987	8	16	561.8879045
1987	8	17	812.8558007
1987	8	18	758.422014
1987	8	19	718.2654936
1987	8	20	535.5955071
1987	8	21	878.8718193
1987	8	22	2363.795594
1987	8	23	1509.263771
1987	8	24	779.056902
1987	8	25	620.625546
1987	8	26	538.8356291
1987	8	27	503.9146638
1987	8	28	510.1467194
1987	8	29	679.5698865
1987	8	30	2150.368403
1987	8	31	4833.292292
1987	9	1	8014.383578
1987	9	2	4498.666114
1987	9	3	1734.532677
1987	9	4	938.9359807
1987	9	5	726.1790254
1987	9	6	609.9725185
1987	9	7	609.9725185
1987	9	8	575.3549208
1987	9	9	545.3555286
1987	9	10	467.5983661
1987	9	11	430.296662
1987	9	12	403.01016
1987	9	13	379.4731948
1987	9	14	351.9887855
1987	9	15	323.5747214
1987	9	16	238.2078961
1987	9	17	279.7296888
1987	9	18	303.3107658
1987	9	19	301.1135813
1987	9	20	263.379743
1987	9	21	212.973518
1987	9	22	194.4621866
1987	9	23	181.7038629
1987	9	24	211.2435077
1987	9	25	227.1593745
1987	9	26	228.9762372
1987	9	27	227.1593745
1987	9	28	221.7672332
1987	9	29	219.9892441
1987	9	30	223.5548997
1987	10	1	240.083888
1987	10	2	243.8657505
1987	10	3	249.6136506
1987	10	4	253.495974
1987	10	5	271.4716099
1987	10	6	240.083888
1987	10	7	238.2078961
1987	10	8	228.9762372
1987	10	9	212.973518
1987	10	10	199.3983046
1987	10	11	172.5149239
1987	10	12	165.1014339
1987	10	13	169.5231309
1987	10	14	157.906115
1987	10	15	150.9255868
1987	10	16	142.8277231
1987	10	17	141.5072678
1987	10	18	135.0284691
1987	10	19	128.7529973
1987	10	20	126.2989867
1987	10	21	132.4940695
1987	10	22	128.7529973
1987	10	23	127.5220061
1987	10	24	126.2989867
1987	10	25	127.5220061
1987	10	26	135.0284691
1987	10	27	157.906115
1987	10	28	180.1499692
1987	10	29	201.0622882
1987	10	30	216.4621895
1987	10	31	225.3522711
1987	11	1	245.7716757
1987	11	2	267.4050096
1987	11	3	277.6494907
1987	11	4	267.4050096
1987	11	5	247.6876333
1987	11	6	241.9698304
1987	11	7	192.8353343
1987	11	8	178.6050731
1987	11	9	166.56657
1987	11	10	153.6922394
1987	11	11	144.156473
1987	11	12	157.906115
1987	11	13	165.1014339
1987	11	14	174.0241002
1987	11	15	169.5231309
1987	11	16	172.5149239
1987	11	17	184.8387521
1987	11	18	177.0691477
1987	11	19	175.5421657
1987	11	20	168.04046
1987	11	21	160.7582785
1987	11	22	150.9255868
1987	11	23	137.5954009
1987	11	24	129.9919869
1987	11	25	131.239002
1987	11	26	138.8911337
1987	11	27	157.906115
1987	11	28	174.0241002
1987	11	29	191.2176967
1987	11	30	202.7356225
1987	12	1	155.088318
1987	12	2	148.1927605
1987	12	3	145.4935445
1987	12	4	141.5072678
1987	12	5	140.1950804
1987	12	6	137.5954009
1987	12	7	136.307855
1987	12	8	141.5072678
1987	12	9	137.5954009
1987	12	10	133.7572162
1987	12	11	132.4940695
1987	12	12	127.5220061
1987	12	13	137.5954009
1987	12	14	121.4860882
1987	12	15	126.2989867
1987	12	16	125.083912
1987	12	17	123.8767553
1987	12	18	129.9919869
1987	12	19	140.1950804
1987	12	20	142.8277231
1987	12	21	148.1927605
1987	12	22	150.9255868
1987	12	23	160.7582785
1987	12	24	148.1927605
1987	12	25	150.9255868
1987	12	26	153.6922394
1987	12	27	150.9255868
1987	12	28	144.156473
1987	12	29	141.5072678
1987	12	30	138.8911337
1987	12	31	146.8389647
1988	1	1	-9999
1988	1	2	-9999
1988	1	3	-9999
1988	1	4	-9999
1988	1	5	-9999
1988	1	6	-9999
1988	1	7	-9999
1988	1	8	-9999
1988	1	9	-9999
1988	1	10	-9999
1988	1	11	-9999
1988	1	12	-9999
1988	1	13	-9999
1988	1	14	-9999
1988	1	15	-9999
1988	1	16	-9999
1988	1	17	-9999
1988	1	18	-9999
1988	1	19	-9999
1988	1	20	-9999
1988	1	21	-9999
1988	1	22	-9999
1988	1	23	-9999
1988	1	24	-9999
1988	1	25	-9999
1988	1	26	-9999
1988	1	27	-9999
1988	1	28	-9999
1988	1	29	-9999
1988	1	30	-9999
1988	1	31	-9999
1988	2	1	-9999
1988	2	2	-9999
1988	2	3	-9999
1988	2	4	-9999
1988	2	5	-9999
1988	2	6	-9999
1988	2	7	-9999
1988	2	8	-9999
1988	2	9	-9999
1988	2	10	-9999
1988	2	11	-9999
1988	2	12	-9999
1988	2	13	-9999
1988	2	14	-9999
1988	2	15	-9999
1988	2	16	-9999
1988	2	17	-9999
1988	2	18	-9999
1988	2	19	-9999
1988	2	20	-9999
1988	2	21	-9999
1988	2	22	-9999
1988	2	23	-9999
1988	2	24	-9999
1988	2	25	-9999
1988	2	26	-9999
1988	2	27	-9999
1988	2	28	-9999
1988	2	29	-9999
1988	3	1	-9999
1988	3	2	-9999
1988	3	3	-9999
1988	3	4	-9999
1988	3	5	-9999
1988	3	6	-9999
1988	3	7	-9999
1988	3	8	-9999
1988	3	9	-9999
1988	3	10	-9999
1988	3	11	-9999
1988	3	12	-9999
1988	3	13	-9999
1988	3	14	-9999
1988	3	15	-9999
1988	3	16	-9999
1988	3	17	-9999
1988	3	18	-9999
1988	3	19	-9999
1988	3	20	-9999
1988	3	21	-9999
1988	3	22	-9999
1988	3	23	-9999
1988	3	24	-9999
1988	3	25	-9999
1988	3	26	-9999
1988	3	27	-9999
1988	3	28	-9999
1988	3	29	-9999
1988	3	30	-9999
1988	3	31	-9999
1988	4	1	-9999
1988	4	2	-9999
1988	4	3	-9999
1988	4	4	-9999
1988	4	5	-9999
1988	4	6	-9999
1988	4	7	-9999
1988	4	8	-9999
1988	4	9	-9999
1988	4	10	-9999
1988	4	11	-9999
1988	4	12	-9999
1988	4	13	-9999
1988	4	14	-9999
1988	4	15	-9999
1988	4	16	-9999
1988	4	17	-9999
1988	4	18	-9999
1988	4	19	-9999
1988	4	20	-9999
1988	4	21	-9999
1988	4	22	-9999
1988	4	23	-9999
1988	4	24	-9999
1988	4	25	-9999
1988	4	26	-9999
1988	4	27	-9999
1988	4	28	-9999
1988	4	29	-9999
1988	4	30	-9999
1988	5	1	-9999
1988	5	2	-9999
1988	5	3	-9999
1988	5	4	-9999
1988	5	5	-9999
1988	5	6	-9999
1988	5	7	-9999
1988	5	8	-9999
1988	5	9	-9999
1988	5	10	-9999
1988	5	11	-9999
1988	5	12	-9999
1988	5	13	-9999
1988	5	14	-9999
1988	5	15	-9999
1988	5	16	-9999
1988	5	17	-9999
1988	5	18	-9999
1988	5	19	-9999
1988	5	20	-9999
1988	5	21	-9999
1988	5	22	-9999
1988	5	23	-9999
1988	5	24	-9999
1988	5	25	-9999
1988	5	26	-9999
1988	5	27	-9999
1988	5	28	-9999
1988	5	29	-9999
1988	5	30	-9999
1988	5	31	-9999
1988	6	1	-9999
1988	6	2	-9999
1988	6	3	-9999
1988	6	4	-9999
1988	6	5	-9999
1988	6	6	-9999
1988	6	7	-9999
1988	6	8	-9999
1988	6	9	-9999
1988	6	10	-9999
1988	6	11	-9999
1988	6	12	-9999
1988	6	13	-9999
1988	6	14	-9999
1988	6	15	-9999
1988	6	16	-9999
1988	6	17	-9999
1988	6	18	-9999
1988	6	19	-9999
1988	6	20	-9999
1988	6	21	-9999
1988	6	22	-9999
1988	6	23	-9999
1988	6	24	-9999
1988	6	25	-9999
1988	6	26	-9999
1988	6	27	-9999
1988	6	28	-9999
1988	6	29	-9999
1988	6	30	-9999
1988	7	1	-9999
1988	7	2	-9999
1988	7	3	-9999
1988	7	4	-9999
1988	7	5	-9999
1988	7	6	-9999
1988	7	7	-9999
1988	7	8	-9999
1988	7	9	-9999
1988	7	10	-9999
1988	7	11	-9999
1988	7	12	-9999
1988	7	13	-9999
1988	7	14	-9999
1988	7	15	-9999
1988	7	16	-9999
1988	7	17	-9999
1988	7	18	-9999
1988	7	19	-9999
1988	7	20	-9999
1988	7	21	-9999
1988	7	22	-9999
1988	7	23	-9999
1988	7	24	-9999
1988	7	25	-9999
1988	7	26	-9999
1988	7	27	-9999
1988	7	28	-9999
1988	7	29	-9999
1988	7	30	-9999
1988	7	31	-9999
1988	8	1	-9999
1988	8	2	-9999
1988	8	3	-9999
1988	8	4	-9999
1988	8	5	-9999
1988	8	6	-9999
1988	8	7	-9999
1988	8	8	-9999
1988	8	9	-9999
1988	8	10	-9999
1988	8	11	-9999
1988	8	12	-9999
1988	8	13	-9999
1988	8	14	-9999
1988	8	15	-9999
1988	8	16	-9999
1988	8	17	-9999
1988	8	18	-9999
1988	8	19	-9999
1988	8	20	-9999
1988	8	21	-9999
1988	8	22	-9999
1988	8	23	-9999
1988	8	24	-9999
1988	8	25	-9999
1988	8	26	-9999
1988	8	27	-9999
1988	8	28	-9999
1988	8	29	-9999
1988	8	30	-9999
1988	8	31	-9999
1988	9	1	-9999
1988	9	2	-9999
1988	9	3	-9999
1988	9	4	-9999
1988	9	5	-9999
1988	9	6	-9999
1988	9	7	-9999
1988	9	8	-9999
1988	9	9	-9999
1988	9	10	-9999
1988	9	11	-9999
1988	9	12	-9999
1988	9	13	-9999
1988	9	14	-9999
1988	9	15	-9999
1988	9	16	-9999
1988	9	17	-9999
1988	9	18	-9999
1988	9	19	-9999
1988	9	20	-9999
1988	9	21	-9999
1988	9	22	-9999
1988	9	23	-9999
1988	9	24	-9999
1988	9	25	-9999
1988	9	26	-9999
1988	9	27	-9999
1988	9	28	-9999
1988	9	29	-9999
1988	9	30	-9999
1988	10	1	-9999
1988	10	2	-9999
1988	10	3	-9999
1988	10	4	-9999
1988	10	5	-9999
1988	10	6	-9999
1988	10	7	-9999
1988	10	8	-9999
1988	10	9	-9999
1988	10	10	-9999
1988	10	11	-9999
1988	10	12	-9999
1988	10	13	-9999
1988	10	14	-9999
1988	10	15	-9999
1988	10	16	-9999
1988	10	17	-9999
1988	10	18	-9999
1988	10	19	-9999
1988	10	20	-9999
1988	10	21	-9999
1988	10	22	-9999
1988	10	23	-9999
1988	10	24	-9999
1988	10	25	-9999
1988	10	26	-9999
1988	10	27	-9999
1988	10	28	-9999
1988	10	29	-9999
1988	10	30	-9999
1988	10	31	-9999
1988	11	1	-9999
1988	11	2	-9999
1988	11	3	-9999
1988	11	4	-9999
1988	11	5	-9999
1988	11	6	-9999
1988	11	7	-9999
1988	11	8	-9999
1988	11	9	-9999
1988	11	10	-9999
1988	11	11	-9999
1988	11	12	-9999
1988	11	13	-9999
1988	11	14	-9999
1988	11	15	-9999
1988	11	16	-9999
1988	11	17	-9999
1988	11	18	-9999
1988	11	19	-9999
1988	11	20	-9999
1988	11	21	-9999
1988	11	22	-9999
1988	11	23	-9999
1988	11	24	-9999
1988	11	25	-9999
1988	11	26	-9999
1988	11	27	-9999
1988	11	28	-9999
1988	11	29	-9999
1988	11	30	-9999
1988	12	1	-9999
1988	12	2	-9999
1988	12	3	-9999
1988	12	4	-9999
1988	12	5	-9999
1988	12	6	-9999
1988	12	7	-9999
1988	12	8	-9999
1988	12	9	-9999
1988	12	10	-9999
1988	12	11	-9999
1988	12	12	-9999
1988	12	13	-9999
1988	12	14	-9999
1988	12	15	-9999
1988	12	16	-9999
1988	12	17	-9999
1988	12	18	-9999
1988	12	19	-9999
1988	12	20	-9999
1988	12	21	-9999
1988	12	22	-9999
1988	12	23	-9999
1988	12	24	-9999
1988	12	25	-9999
1988	12	26	-9999
1988	12	27	-9999
1988	12	28	-9999
1988	12	29	-9999
1988	12	30	-9999
1988	12	31	-9999
1989	1	1	-9999
1989	1	2	-9999
1989	1	3	-9999
1989	1	4	-9999
1989	1	5	-9999
1989	1	6	-9999
1989	1	7	-9999
1989	1	8	-9999
1989	1	9	-9999
1989	1	10	-9999
1989	1	11	-9999
1989	1	12	-9999
1989	1	13	-9999
1989	1	14	-9999
1989	1	15	-9999
1989	1	16	-9999
1989	1	17	-9999
1989	1	18	-9999
1989	1	19	-9999
1989	1	20	-9999
1989	1	21	-9999
1989	1	22	-9999
1989	1	23	-9999
1989	1	24	-9999
1989	1	25	-9999
1989	1	26	-9999
1989	1	27	-9999
1989	1	28	-9999
1989	1	29	-9999
1989	1	30	-9999
1989	1	31	-9999
1989	2	1	-9999
1989	2	2	-9999
1989	2	3	-9999
1989	2	4	-9999
1989	2	5	-9999
1989	2	6	-9999
1989	2	7	-9999
1989	2	8	-9999
1989	2	9	-9999
1989	2	10	-9999
1989	2	11	-9999
1989	2	12	-9999
1989	2	13	-9999
1989	2	14	-9999
1989	2	15	-9999
1989	2	16	-9999
1989	2	17	-9999
1989	2	18	-9999
1989	2	19	-9999
1989	2	20	-9999
1989	2	21	-9999
1989	2	22	-9999
1989	2	23	-9999
1989	2	24	-9999
1989	2	25	-9999
1989	2	26	-9999
1989	2	27	-9999
1989	2	28	-9999
1989	3	1	-9999
1989	3	2	-9999
1989	3	3	-9999
1989	3	4	-9999
1989	3	5	-9999
1989	3	6	-9999
1989	3	7	-9999
1989	3	8	-9999
1989	3	9	-9999
1989	3	10	-9999
1989	3	11	-9999
1989	3	12	-9999
1989	3	13	-9999
1989	3	14	-9999
1989	3	15	-9999
1989	3	16	-9999
1989	3	17	-9999
1989	3	18	-9999
1989	3	19	-9999
1989	3	20	-9999
1989	3	21	-9999
1989	3	22	-9999
1989	3	23	-9999
1989	3	24	-9999
1989	3	25	-9999
1989	3	26	-9999
1989	3	27	-9999
1989	3	28	-9999
1989	3	29	-9999
1989	3	30	-9999
1989	3	31	-9999
1989	4	1	-9999
1989	4	2	-9999
1989	4	3	-9999
1989	4	4	-9999
1989	4	5	-9999
1989	4	6	-9999
1989	4	7	-9999
1989	4	8	-9999
1989	4	9	-9999
1989	4	10	-9999
1989	4	11	-9999
1989	4	12	-9999
1989	4	13	-9999
1989	4	14	-9999
1989	4	15	-9999
1989	4	16	-9999
1989	4	17	-9999
1989	4	18	-9999
1989	4	19	-9999
1989	4	20	-9999
1989	4	21	-9999
1989	4	22	-9999
1989	4	23	-9999
1989	4	24	-9999
1989	4	25	-9999
1989	4	26	-9999
1989	4	27	-9999
1989	4	28	-9999
1989	4	29	-9999
1989	4	30	-9999
1989	5	1	-9999
1989	5	2	-9999
1989	5	3	-9999
1989	5	4	-9999
1989	5	5	-9999
1989	5	6	-9999
1989	5	7	-9999
1989	5	8	-9999
1989	5	9	-9999
1989	5	10	-9999
1989	5	11	-9999
1989	5	12	-9999
1989	5	13	-9999
1989	5	14	-9999
1989	5	15	-9999
1989	5	16	-9999
1989	5	17	-9999
1989	5	18	-9999
1989	5	19	-9999
1989	5	20	-9999
1989	5	21	-9999
1989	5	22	-9999
1989	5	23	-9999
1989	5	24	-9999
1989	5	25	-9999
1989	5	26	-9999
1989	5	27	-9999
1989	5	28	-9999
1989	5	29	-9999
1989	5	30	-9999
1989	5	31	-9999
1989	6	1	-9999
1989	6	2	-9999
1989	6	3	-9999
1989	6	4	-9999
1989	6	5	-9999
1989	6	6	-9999
1989	6	7	-9999
1989	6	8	-9999
1989	6	9	-9999
1989	6	10	-9999
1989	6	11	-9999
1989	6	12	-9999
1989	6	13	-9999
1989	6	14	-9999
1989	6	15	-9999
1989	6	16	-9999
1989	6	17	-9999
1989	6	18	-9999
1989	6	19	-9999
1989	6	20	-9999
1989	6	21	-9999
1989	6	22	-9999
1989	6	23	-9999
1989	6	24	-9999
1989	6	25	-9999
1989	6	26	-9999
1989	6	27	-9999
1989	6	28	-9999
1989	6	29	-9999
1989	6	30	-9999
1989	7	1	-9999
1989	7	2	-9999
1989	7	3	-9999
1989	7	4	-9999
1989	7	5	-9999
1989	7	6	-9999
1989	7	7	-9999
1989	7	8	-9999
1989	7	9	-9999
1989	7	10	-9999
1989	7	11	-9999
1989	7	12	-9999
1989	7	13	-9999
1989	7	14	-9999
1989	7	15	-9999
1989	7	16	-9999
1989	7	17	-9999
1989	7	18	-9999
1989	7	19	-9999
1989	7	20	-9999
1989	7	21	-9999
1989	7	22	-9999
1989	7	23	-9999
1989	7	24	-9999
1989	7	25	-9999
1989	7	26	-9999
1989	7	27	-9999
1989	7	28	-9999
1989	7	29	-9999
1989	7	30	-9999
1989	7	31	-9999
1989	8	1	-9999
1989	8	2	-9999
1989	8	3	-9999
1989	8	4	-9999
1989	8	5	-9999
1989	8	6	-9999
1989	8	7	-9999
1989	8	8	-9999
1989	8	9	-9999
1989	8	10	-9999
1989	8	11	-9999
1989	8	12	-9999
1989	8	13	-9999
1989	8	14	-9999
1989	8	15	-9999
1989	8	16	-9999
1989	8	17	-9999
1989	8	18	-9999
1989	8	19	-9999
1989	8	20	-9999
1989	8	21	-9999
1989	8	22	-9999
1989	8	23	-9999
1989	8	24	-9999
1989	8	25	-9999
1989	8	26	-9999
1989	8	27	-9999
1989	8	28	-9999
1989	8	29	-9999
1989	8	30	-9999
1989	8	31	-9999
1989	9	1	-9999
1989	9	2	-9999
1989	9	3	-9999
1989	9	4	-9999
1989	9	5	-9999
1989	9	6	-9999
1989	9	7	-9999
1989	9	8	-9999
1989	9	9	-9999
1989	9	10	-9999
1989	9	11	-9999
1989	9	12	-9999
1989	9	13	-9999
1989	9	14	-9999
1989	9	15	-9999
1989	9	16	-9999
1989	9	17	-9999
1989	9	18	-9999
1989	9	19	-9999
1989	9	20	-9999
1989	9	21	-9999
1989	9	22	-9999
1989	9	23	-9999
1989	9	24	-9999
1989	9	25	-9999
1989	9	26	-9999
1989	9	27	-9999
1989	9	28	-9999
1989	9	29	-9999
1989	9	30	-9999
1989	10	1	-9999
1989	10	2	-9999
1989	10	3	-9999
1989	10	4	-9999
1989	10	5	-9999
1989	10	6	-9999
1989	10	7	-9999
1989	10	8	-9999
1989	10	9	-9999
1989	10	10	-9999
1989	10	11	-9999
1989	10	12	-9999
1989	10	13	-9999
1989	10	14	-9999
1989	10	15	-9999
1989	10	16	-9999
1989	10	17	-9999
1989	10	18	-9999
1989	10	19	-9999
1989	10	20	-9999
1989	10	21	-9999
1989	10	22	-9999
1989	10	23	-9999
1989	10	24	-9999
1989	10	25	-9999
1989	10	26	-9999
1989	10	27	-9999
1989	10	28	-9999
1989	10	29	-9999
1989	10	30	-9999
1989	10	31	-9999
1989	11	1	-9999
1989	11	2	-9999
1989	11	3	-9999
1989	11	4	-9999
1989	11	5	-9999
1989	11	6	-9999
1989	11	7	-9999
1989	11	8	-9999
1989	11	9	-9999
1989	11	10	-9999
1989	11	11	-9999
1989	11	12	-9999
1989	11	13	-9999
1989	11	14	-9999
1989	11	15	-9999
1989	11	16	-9999
1989	11	17	-9999
1989	11	18	-9999
1989	11	19	-9999
1989	11	20	-9999
1989	11	21	-9999
1989	11	22	-9999
1989	11	23	-9999
1989	11	24	-9999
1989	11	25	-9999
1989	11	26	-9999
1989	11	27	-9999
1989	11	28	-9999
1989	11	29	-9999
1989	11	30	-9999
1989	12	1	-9999
1989	12	2	-9999
1989	12	3	-9999
1989	12	4	-9999
1989	12	5	-9999
1989	12	6	-9999
1989	12	7	-9999
1989	12	8	-9999
1989	12	9	-9999
1989	12	10	-9999
1989	12	11	-9999
1989	12	12	-9999
1989	12	13	-9999
1989	12	14	-9999
1989	12	15	-9999
1989	12	16	-9999
1989	12	17	-9999
1989	12	18	-9999
1989	12	19	-9999
1989	12	20	-9999
1989	12	21	-9999
1989	12	22	-9999
1989	12	23	-9999
1989	12	24	-9999
1989	12	25	-9999
1989	12	26	-9999
1989	12	27	-9999
1989	12	28	-9999
1989	12	29	-9999
1989	12	30	-9999
1989	12	31	-9999
1990	1	1	-9999
1990	1	2	-9999
1990	1	3	-9999
1990	1	4	-9999
1990	1	5	-9999
1990	1	6	-9999
1990	1	7	-9999
1990	1	8	-9999
1990	1	9	-9999
1990	1	10	-9999
1990	1	11	-9999
1990	1	12	-9999
1990	1	13	-9999
1990	1	14	-9999
1990	1	15	-9999
1990	1	16	-9999
1990	1	17	-9999
1990	1	18	-9999
1990	1	19	-9999
1990	1	20	-9999
1990	1	21	-9999
1990	1	22	-9999
1990	1	23	-9999
1990	1	24	-9999
1990	1	25	-9999
1990	1	26	-9999
1990	1	27	-9999
1990	1	28	-9999
1990	1	29	-9999
1990	1	30	-9999
1990	1	31	-9999
1990	2	1	-9999
1990	2	2	-9999
1990	2	3	-9999
1990	2	4	-9999
1990	2	5	-9999
1990	2	6	-9999
1990	2	7	-9999
1990	2	8	-9999
1990	2	9	-9999
1990	2	10	-9999
1990	2	11	-9999
1990	2	12	-9999
1990	2	13	-9999
1990	2	14	-9999
1990	2	15	-9999
1990	2	16	-9999
1990	2	17	-9999
1990	2	18	-9999
1990	2	19	-9999
1990	2	20	-9999
1990	2	21	-9999
1990	2	22	-9999
1990	2	23	-9999
1990	2	24	-9999
1990	2	25	-9999
1990	2	26	-9999
1990	2	27	-9999
1990	2	28	-9999
1990	3	1	-9999
1990	3	2	-9999
1990	3	3	-9999
1990	3	4	-9999
1990	3	5	-9999
1990	3	6	-9999
1990	3	7	-9999
1990	3	8	-9999
1990	3	9	-9999
1990	3	10	-9999
1990	3	11	-9999
1990	3	12	-9999
1990	3	13	-9999
1990	3	14	-9999
1990	3	15	-9999
1990	3	16	-9999
1990	3	17	-9999
1990	3	18	-9999
1990	3	19	-9999
1990	3	20	-9999
1990	3	21	-9999
1990	3	22	-9999
1990	3	23	-9999
1990	3	24	-9999
1990	3	25	-9999
1990	3	26	-9999
1990	3	27	-9999
1990	3	28	-9999
1990	3	29	-9999
1990	3	30	-9999
1990	3	31	-9999
1990	4	1	-9999
1990	4	2	-9999
1990	4	3	-9999
1990	4	4	-9999
1990	4	5	-9999
1990	4	6	-9999
1990	4	7	-9999
1990	4	8	-9999
1990	4	9	-9999
1990	4	10	-9999
1990	4	11	-9999
1990	4	12	-9999
1990	4	13	-9999
1990	4	14	-9999
1990	4	15	-9999
1990	4	16	-9999
1990	4	17	-9999
1990	4	18	-9999
1990	4	19	-9999
1990	4	20	-9999
1990	4	21	-9999
1990	4	22	-9999
1990	4	23	-9999
1990	4	24	-9999
1990	4	25	-9999
1990	4	26	-9999
1990	4	27	-9999
1990	4	28	-9999
1990	4	29	-9999
1990	4	30	-9999
1990	5	1	-9999
1990	5	2	-9999
1990	5	3	-9999
1990	5	4	-9999
1990	5	5	-9999
1990	5	6	-9999
1990	5	7	-9999
1990	5	8	-9999
1990	5	9	-9999
1990	5	10	-9999
1990	5	11	-9999
1990	5	12	-9999
1990	5	13	-9999
1990	5	14	-9999
1990	5	15	-9999
1990	5	16	-9999
1990	5	17	-9999
1990	5	18	-9999
1990	5	19	-9999
1990	5	20	-9999
1990	5	21	-9999
1990	5	22	-9999
1990	5	23	-9999
1990	5	24	-9999
1990	5	25	-9999
1990	5	26	-9999
1990	5	27	-9999
1990	5	28	-9999
1990	5	29	-9999
1990	5	30	-9999
1990	5	31	-9999
1990	6	1	-9999
1990	6	2	-9999
1990	6	3	-9999
1990	6	4	-9999
1990	6	5	-9999
1990	6	6	-9999
1990	6	7	-9999
1990	6	8	-9999
1990	6	9	-9999
1990	6	10	-9999
1990	6	11	-9999
1990	6	12	-9999
1990	6	13	-9999
1990	6	14	-9999
1990	6	15	-9999
1990	6	16	-9999
1990	6	17	-9999
1990	6	18	-9999
1990	6	19	-9999
1990	6	20	-9999
1990	6	21	-9999
1990	6	22	-9999
1990	6	23	-9999
1990	6	24	-9999
1990	6	25	-9999
1990	6	26	-9999
1990	6	27	-9999
1990	6	28	-9999
1990	6	29	-9999
1990	6	30	-9999
1990	7	1	-9999
1990	7	2	-9999
1990	7	3	-9999
1990	7	4	-9999
1990	7	5	-9999
1990	7	6	-9999
1990	7	7	-9999
1990	7	8	-9999
1990	7	9	-9999
1990	7	10	-9999
1990	7	11	-9999
1990	7	12	-9999
1990	7	13	-9999
1990	7	14	-9999
1990	7	15	-9999
1990	7	16	-9999
1990	7	17	-9999
1990	7	18	-9999
1990	7	19	-9999
1990	7	20	-9999
1990	7	21	-9999
1990	7	22	-9999
1990	7	23	-9999
1990	7	24	-9999
1990	7	25	-9999
1990	7	26	-9999
1990	7	27	-9999
1990	7	28	-9999
1990	7	29	-9999
1990	7	30	-9999
1990	7	31	-9999
1990	8	1	-9999
1990	8	2	-9999
1990	8	3	-9999
1990	8	4	-9999
1990	8	5	-9999
1990	8	6	-9999
1990	8	7	-9999
1990	8	8	-9999
1990	8	9	-9999
1990	8	10	-9999
1990	8	11	-9999
1990	8	12	-9999
1990	8	13	-9999
1990	8	14	-9999
1990	8	15	-9999
1990	8	16	-9999
1990	8	17	-9999
1990	8	18	-9999
1990	8	19	-9999
1990	8	20	-9999
1990	8	21	-9999
1990	8	22	-9999
1990	8	23	-9999
1990	8	24	-9999
1990	8	25	-9999
1990	8	26	-9999
1990	8	27	-9999
1990	8	28	-9999
1990	8	29	-9999
1990	8	30	-9999
1990	8	31	-9999
1990	9	1	-9999
1990	9	2	-9999
1990	9	3	-9999
1990	9	4	-9999
1990	9	5	-9999
1990	9	6	-9999
1990	9	7	-9999
1990	9	8	-9999
1990	9	9	-9999
1990	9	10	-9999
1990	9	11	-9999
1990	9	12	-9999
1990	9	13	-9999
1990	9	14	-9999
1990	9	15	-9999
1990	9	16	-9999
1990	9	17	-9999
1990	9	18	-9999
1990	9	19	-9999
1990	9	20	-9999
1990	9	21	-9999
1990	9	22	-9999
1990	9	23	-9999
1990	9	24	-9999
1990	9	25	-9999
1990	9	26	-9999
1990	9	27	-9999
1990	9	28	-9999
1990	9	29	-9999
1990	9	30	-9999
1990	10	1	-9999
1990	10	2	-9999
1990	10	3	-9999
1990	10	4	-9999
1990	10	5	-9999
1990	10	6	-9999
1990	10	7	-9999
1990	10	8	-9999
1990	10	9	-9999
1990	10	10	-9999
1990	10	11	-9999
1990	10	12	-9999
1990	10	13	-9999
1990	10	14	-9999
1990	10	15	-9999
1990	10	16	-9999
1990	10	17	-9999
1990	10	18	-9999
1990	10	19	-9999
1990	10	20	-9999
1990	10	21	-9999
1990	10	22	-9999
1990	10	23	-9999
1990	10	24	-9999
1990	10	25	-9999
1990	10	26	-9999
1990	10	27	-9999
1990	10	28	-9999
1990	10	29	-9999
1990	10	30	-9999
1990	10	31	-9999
1990	11	1	-9999
1990	11	2	-9999
1990	11	3	-9999
1990	11	4	-9999
1990	11	5	-9999
1990	11	6	-9999
1990	11	7	-9999
1990	11	8	-9999
1990	11	9	-9999
1990	11	10	-9999
1990	11	11	-9999
1990	11	12	-9999
1990	11	13	-9999
1990	11	14	-9999
1990	11	15	-9999
1990	11	16	-9999
1990	11	17	-9999
1990	11	18	-9999
1990	11	19	-9999
1990	11	20	-9999
1990	11	21	-9999
1990	11	22	-9999
1990	11	23	-9999
1990	11	24	-9999
1990	11	25	-9999
1990	11	26	-9999
1990	11	27	-9999
1990	11	28	-9999
1990	11	29	-9999
1990	11	30	-9999
1990	12	1	-9999
1990	12	2	-9999
1990	12	3	-9999
1990	12	4	-9999
1990	12	5	-9999
1990	12	6	-9999
1990	12	7	-9999
1990	12	8	-9999
1990	12	9	-9999
1990	12	10	-9999
1990	12	11	-9999
1990	12	12	-9999
1990	12	13	-9999
1990	12	14	-9999
1990	12	15	-9999
1990	12	16	-9999
1990	12	17	-9999
1990	12	18	-9999
1990	12	19	-9999
1990	12	20	-9999
1990	12	21	-9999
1990	12	22	-9999
1990	12	23	-9999
1990	12	24	-9999
1990	12	25	-9999
1990	12	26	-9999
1990	12	27	-9999
1990	12	28	-9999
1990	12	29	-9999
1990	12	30	-9999
1990	12	31	-9999
1991	1	1	-9999
1991	1	2	-9999
1991	1	3	-9999
1991	1	4	-9999
1991	1	5	-9999
1991	1	6	-9999
1991	1	7	-9999
1991	1	8	-9999
1991	1	9	-9999
1991	1	10	-9999
1991	1	11	-9999
1991	1	12	-9999
1991	1	13	-9999
1991	1	14	-9999
1991	1	15	-9999
1991	1	16	-9999
1991	1	17	-9999
1991	1	18	-9999
1991	1	19	-9999
1991	1	20	-9999
1991	1	21	-9999
1991	1	22	-9999
1991	1	23	-9999
1991	1	24	-9999
1991	1	25	-9999
1991	1	26	-9999
1991	1	27	-9999
1991	1	28	-9999
1991	1	29	-9999
1991	1	30	-9999
1991	1	31	-9999
1991	2	1	-9999
1991	2	2	-9999
1991	2	3	-9999
1991	2	4	-9999
1991	2	5	-9999
1991	2	6	-9999
1991	2	7	-9999
1991	2	8	-9999
1991	2	9	-9999
1991	2	10	-9999
1991	2	11	-9999
1991	2	12	-9999
1991	2	13	-9999
1991	2	14	-9999
1991	2	15	-9999
1991	2	16	-9999
1991	2	17	-9999
1991	2	18	-9999
1991	2	19	-9999
1991	2	20	-9999
1991	2	21	-9999
1991	2	22	-9999
1991	2	23	-9999
1991	2	24	-9999
1991	2	25	-9999
1991	2	26	-9999
1991	2	27	-9999
1991	2	28	-9999
1991	3	1	-9999
1991	3	2	-9999
1991	3	3	-9999
1991	3	4	-9999
1991	3	5	-9999
1991	3	6	-9999
1991	3	7	-9999
1991	3	8	-9999
1991	3	9	-9999
1991	3	10	-9999
1991	3	11	-9999
1991	3	12	-9999
1991	3	13	-9999
1991	3	14	-9999
1991	3	15	-9999
1991	3	16	-9999
1991	3	17	-9999
1991	3	18	-9999
1991	3	19	-9999
1991	3	20	-9999
1991	3	21	-9999
1991	3	22	-9999
1991	3	23	-9999
1991	3	24	-9999
1991	3	25	-9999
1991	3	26	-9999
1991	3	27	-9999
1991	3	28	-9999
1991	3	29	-9999
1991	3	30	-9999
1991	3	31	-9999
1991	4	1	-9999
1991	4	2	-9999
1991	4	3	-9999
1991	4	4	-9999
1991	4	5	-9999
1991	4	6	-9999
1991	4	7	-9999
1991	4	8	-9999
1991	4	9	-9999
1991	4	10	-9999
1991	4	11	-9999
1991	4	12	-9999
1991	4	13	-9999
1991	4	14	-9999
1991	4	15	-9999
1991	4	16	-9999
1991	4	17	-9999
1991	4	18	-9999
1991	4	19	-9999
1991	4	20	-9999
1991	4	21	-9999
1991	4	22	-9999
1991	4	23	-9999
1991	4	24	-9999
1991	4	25	-9999
1991	4	26	-9999
1991	4	27	-9999
1991	4	28	-9999
1991	4	29	-9999
1991	4	30	-9999
1991	5	1	-9999
1991	5	2	-9999
1991	5	3	-9999
1991	5	4	-9999
1991	5	5	-9999
1991	5	6	-9999
1991	5	7	-9999
1991	5	8	-9999
1991	5	9	-9999
1991	5	10	-9999
1991	5	11	-9999
1991	5	12	-9999
1991	5	13	-9999
1991	5	14	-9999
1991	5	15	-9999
1991	5	16	-9999
1991	5	17	-9999
1991	5	18	-9999
1991	5	19	-9999
1991	5	20	-9999
1991	5	21	-9999
1991	5	22	-9999
1991	5	23	-9999
1991	5	24	-9999
1991	5	25	-9999
1991	5	26	-9999
1991	5	27	-9999
1991	5	28	-9999
1991	5	29	-9999
1991	5	30	-9999
1991	5	31	-9999
1991	6	1	-9999
1991	6	2	-9999
1991	6	3	-9999
1991	6	4	-9999
1991	6	5	-9999
1991	6	6	-9999
1991	6	7	-9999
1991	6	8	-9999
1991	6	9	-9999
1991	6	10	-9999
1991	6	11	-9999
1991	6	12	-9999
1991	6	13	-9999
1991	6	14	-9999
1991	6	15	-9999
1991	6	16	-9999
1991	6	17	-9999
1991	6	18	-9999
1991	6	19	-9999
1991	6	20	-9999
1991	6	21	-9999
1991	6	22	-9999
1991	6	23	-9999
1991	6	24	-9999
1991	6	25	-9999
1991	6	26	-9999
1991	6	27	-9999
1991	6	28	-9999
1991	6	29	-9999
1991	6	30	-9999
1991	7	1	-9999
1991	7	2	-9999
1991	7	3	-9999
1991	7	4	-9999
1991	7	5	-9999
1991	7	6	-9999
1991	7	7	-9999
1991	7	8	-9999
1991	7	9	-9999
1991	7	10	-9999
1991	7	11	-9999
1991	7	12	-9999
1991	7	13	-9999
1991	7	14	-9999
1991	7	15	-9999
1991	7	16	-9999
1991	7	17	-9999
1991	7	18	-9999
1991	7	19	-9999
1991	7	20	-9999
1991	7	21	-9999
1991	7	22	-9999
1991	7	23	-9999
1991	7	24	-9999
1991	7	25	-9999
1991	7	26	-9999
1991	7	27	-9999
1991	7	28	-9999
1991	7	29	-9999
1991	7	30	-9999
1991	7	31	-9999
1991	8	1	-9999
1991	8	2	-9999
1991	8	3	-9999
1991	8	4	-9999
1991	8	5	-9999
1991	8	6	-9999
1991	8	7	-9999
1991	8	8	-9999
1991	8	9	-9999
1991	8	10	-9999
1991	8	11	-9999
1991	8	12	-9999
1991	8	13	-9999
1991	8	14	-9999
1991	8	15	-9999
1991	8	16	-9999
1991	8	17	-9999
1991	8	18	-9999
1991	8	19	-9999
1991	8	20	-9999
1991	8	21	-9999
1991	8	22	-9999
1991	8	23	-9999
1991	8	24	-9999
1991	8	25	-9999
1991	8	26	-9999
1991	8	27	-9999
1991	8	28	-9999
1991	8	29	-9999
1991	8	30	-9999
1991	8	31	-9999
1991	9	1	-9999
1991	9	2	-9999
1991	9	3	-9999
1991	9	4	-9999
1991	9	5	-9999
1991	9	6	-9999
1991	9	7	-9999
1991	9	8	-9999
1991	9	9	-9999
1991	9	10	-9999
1991	9	11	-9999
1991	9	12	-9999
1991	9	13	-9999
1991	9	14	-9999
1991	9	15	-9999
1991	9	16	-9999
1991	9	17	-9999
1991	9	18	-9999
1991	9	19	-9999
1991	9	20	-9999
1991	9	21	-9999
1991	9	22	-9999
1991	9	23	-9999
1991	9	24	-9999
1991	9	25	-9999
1991	9	26	-9999
1991	9	27	-9999
1991	9	28	-9999
1991	9	29	-9999
1991	9	30	-9999
1991	10	1	-9999
1991	10	2	-9999
1991	10	3	-9999
1991	10	4	-9999
1991	10	5	-9999
1991	10	6	-9999
1991	10	7	-9999
1991	10	8	-9999
1991	10	9	-9999
1991	10	10	-9999
1991	10	11	-9999
1991	10	12	-9999
1991	10	13	-9999
1991	10	14	-9999
1991	10	15	-9999
1991	10	16	-9999
1991	10	17	-9999
1991	10	18	-9999
1991	10	19	-9999
1991	10	20	-9999
1991	10	21	-9999
1991	10	22	-9999
1991	10	23	-9999
1991	10	24	-9999
1991	10	25	-9999
1991	10	26	-9999
1991	10	27	-9999
1991	10	28	-9999
1991	10	29	-9999
1991	10	30	-9999
1991	10	31	-9999
1991	11	1	-9999
1991	11	2	-9999
1991	11	3	-9999
1991	11	4	-9999
1991	11	5	-9999
1991	11	6	-9999
1991	11	7	-9999
1991	11	8	-9999
1991	11	9	-9999
1991	11	10	-9999
1991	11	11	-9999
1991	11	12	-9999
1991	11	13	-9999
1991	11	14	-9999
1991	11	15	-9999
1991	11	16	-9999
1991	11	17	-9999
1991	11	18	-9999
1991	11	19	-9999
1991	11	20	-9999
1991	11	21	-9999
1991	11	22	-9999
1991	11	23	-9999
1991	11	24	-9999
1991	11	25	-9999
1991	11	26	-9999
1991	11	27	-9999
1991	11	28	-9999
1991	11	29	-9999
1991	11	30	-9999
1991	12	1	-9999
1991	12	2	-9999
1991	12	3	-9999
1991	12	4	-9999
1991	12	5	-9999
1991	12	6	-9999
1991	12	7	-9999
1991	12	8	-9999
1991	12	9	-9999
1991	12	10	-9999
1991	12	11	-9999
1991	12	12	-9999
1991	12	13	-9999
1991	12	14	-9999
1991	12	15	-9999
1991	12	16	-9999
1991	12	17	-9999
1991	12	18	-9999
1991	12	19	-9999
1991	12	20	-9999
1991	12	21	-9999
1991	12	22	-9999
1991	12	23	-9999
1991	12	24	-9999
1991	12	25	-9999
1991	12	26	-9999
1991	12	27	-9999
1991	12	28	-9999
1991	12	29	-9999
1991	12	30	-9999
1991	12	31	-9999
1992	1	1	20.38006732
1992	1	2	20.24219283
1992	1	3	20.10531758
1992	1	4	19.83455205
1992	1	5	19.70065537
1992	1	6	19.83455205
1992	1	7	19.96943839
1992	1	8	20.24219283
1992	1	9	20.10531758
1992	1	10	19.96943839
1992	1	11	19.70065537
1992	1	12	19.70065537
1992	1	13	19.4358182
1992	1	14	19.3048713
1992	1	15	19.56774516
1992	1	16	19.4358182
1992	1	17	19.3048713
1992	1	18	18.91787881
1992	1	19	18.91787881
1992	1	20	19.04590482
1992	1	21	19.17490124
1992	1	22	18.91787881
1992	1	23	18.91787881
1992	1	24	18.79082001
1992	1	25	18.66472519
1992	1	26	18.53959112
1992	1	27	18.04859786
1992	1	28	18.04859786
1992	1	29	18.16992119
1992	1	30	18.16992119
1992	1	31	18.79082001
1992	2	1	18.91787881
1992	2	2	18.91787881
1992	2	3	18.79082001
1992	2	4	18.53959112
1992	2	5	18.16992119
1992	2	6	18.04859786
1992	2	7	17.92821912
1992	2	8	17.45608525
1992	2	9	17.45608525
1992	2	10	18.16992119
1992	2	11	18.53959112
1992	2	12	18.79082001
1992	2	13	18.91787881
1992	2	14	19.17490124
1992	2	15	19.3048713
1992	2	16	18.91787881
1992	2	17	18.91787881
1992	2	18	18.66472519
1992	2	19	18.66472519
1992	2	20	18.53959112
1992	2	21	18.29219235
1992	2	22	17.92821912
1992	2	23	17.80878174
1992	2	24	17.69028247
1992	2	25	18.04859786
1992	2	26	18.16992119
1992	2	27	18.53959112
1992	2	28	18.91787881
1992	2	29	18.91787881
1992	3	1	18.29219235
1992	3	2	17.92821912
1992	3	3	17.69028247
1992	3	4	17.45608525
1992	3	5	17.45608525
1992	3	6	17.57271805
1992	3	7	17.69028247
1992	3	8	17.3403808
1992	3	9	17.80878174
1992	3	10	18.04859786
1992	3	11	18.79082001
1992	3	12	19.3048713
1992	3	13	19.04590482
1992	3	14	19.04590482
1992	3	15	19.4358182
1992	3	16	19.83455205
1992	3	17	20.10531758
1992	3	18	19.83455205
1992	3	19	19.4358182
1992	3	20	20.94162146
1992	3	21	22.7245496
1992	3	22	24.16096156
1992	3	23	23.03630022
1992	3	24	22.26481383
1992	3	25	21.96354672
1992	3	26	21.08453994
1992	3	27	21.08453994
1992	3	28	20.79971813
1992	3	29	20.51894425
1992	3	30	19.83455205
1992	3	31	19.3048713
1992	4	1	18.29219235
1992	4	2	17.92821912
1992	4	3	17.3403808
1992	4	4	16.99880498
1992	4	5	16.55616953
1992	4	6	16.55616953
1992	4	7	16.23367754
1992	4	8	15.71399376
1992	4	9	16.55616953
1992	4	10	73.39971289
1992	4	11	102.1731975
1992	4	12	89.94855912
1992	4	13	58.82335856
1992	4	14	42.62547229
1992	4	15	34.02111707
1992	4	16	29.20006384
1992	4	17	26.03574124
1992	4	18	24.16096156
1992	4	19	23.51187914
1992	4	20	22.8798968
1992	4	21	22.7245496
1992	4	22	21.96354672
1992	4	23	22.7245496
1992	4	24	22.57025546
1992	4	25	20.79971813
1992	4	26	22.8798968
1992	4	27	19.3048713
1992	4	28	16.99880498
1992	4	29	16.55616953
1992	4	30	16.77566974
1992	5	1	16.88678134
1992	5	2	16.44777438
1992	5	3	16.12796929
1992	5	4	16.02315008
1992	5	5	15.11923928
1992	5	6	15.71399376
1992	5	7	16.34027814
1992	5	8	16.55616953
1992	5	9	17.3403808
1992	5	10	21.51941806
1992	5	11	19.3048713
1992	5	12	19.17490124
1992	5	13	16.99880498
1992	5	14	16.55616953
1992	5	15	16.55616953
1992	5	16	16.77566974
1992	5	17	16.55616953
1992	5	18	15.81616562
1992	5	19	15.41271999
1992	5	20	14.55529762
1992	5	21	13.76557899
1992	5	22	13.35519794
1992	5	23	13.19658925
1992	5	24	13.35519794
1992	5	25	14.02144702
1992	5	26	14.28465623
1992	5	27	14.92787062
1992	5	28	15.31403162
1992	5	29	15.61269775
1992	5	30	15.81616562
1992	5	31	16.77566974
1992	6	1	15.71399376
1992	6	2	14.28465623
1992	6	3	14.02144702
1992	6	4	13.85005827
1992	6	5	14.02144702
1992	6	6	14.19609851
1992	6	7	14.55529762
1992	6	8	15.51227426
1992	6	9	15.31403162
1992	6	10	14.73989898
1992	6	11	14.46425242
1992	6	12	14.46425242
1992	6	13	14.64717869
1992	6	14	14.64717869
1992	6	15	14.64717869
1992	6	16	15.31403162
1992	6	17	15.61269775
1992	6	18	16.55616953
1992	6	19	17.45608525
1992	6	20	17.45608525
1992	6	21	17.57271805
1992	6	22	16.99880498
1992	6	23	16.66546689
1992	6	24	16.12796929
1992	6	25	15.41271999
1992	6	26	15.11923928
1992	6	27	15.31403162
1992	6	28	15.11923928
1992	6	29	14.83346184
1992	6	30	14.64717869
1992	7	1	14.73989898
1992	7	2	14.73989898
1992	7	3	16.34027814
1992	7	4	20.51894425
1992	7	5	20.51894425
1992	7	6	22.7245496
1992	7	7	19.4358182
1992	7	8	17.69028247
1992	7	9	17.45608525
1992	7	10	17.3403808
1992	7	11	27.85709658
1992	7	12	35.84956668
1992	7	13	44.53946891
1992	7	14	63.05843441
1992	7	15	72.1939181
1992	7	16	137.3762162
1992	7	17	268.1722938
1992	7	18	246.2475844
1992	7	19	96.65993903
1992	7	20	50.68585478
1992	7	21	35.38494606
1992	7	22	27.11497169
1992	7	23	21.81447072
1992	7	24	19.04590482
1992	7	25	16.99880498
1992	7	26	15.41271999
1992	7	27	14.46425242
1992	7	28	13.85005827
1992	7	29	13.35519794
1992	7	30	13.0411075
1992	7	31	13.19658925
1992	8	1	14.92787062
1992	8	2	15.31403162
1992	8	3	15.02312866
1992	8	4	14.83346184
1992	8	5	15.02312866
1992	8	6	15.11923928
1992	8	7	15.11923928
1992	8	8	15.51227426
1992	8	9	17.45608525
1992	8	10	22.41701126
1992	8	11	22.8798968
1992	8	12	31.42644365
1992	8	13	40.00495656
1992	8	14	36.55596516
1992	8	15	42.09073242
1992	8	16	40.77720215
1992	8	17	33.57643836
1992	8	18	27.85709658
1992	8	19	26.75072528
1992	8	20	21.96354672
1992	8	21	19.3048713
1992	8	22	17.45608525
1992	8	23	17.11174392
1992	8	24	34.02111707
1992	8	25	145.033413
1992	8	26	138.0035571
1992	8	27	77.5237656
1992	8	28	49.46755543
1992	8	29	38.24882804
1992	8	30	29.20006384
1992	8	31	24.16096156
1992	9	1	21.81447072
1992	9	2	20.38006732
1992	9	3	19.4358182
1992	9	4	22.26481383
1992	9	5	21.22847675
1992	9	6	19.17490124
1992	9	7	17.80878174
1992	9	8	18.53959112
1992	9	9	20.79971813
1992	9	10	21.08453994
1992	9	11	19.04590482
1992	9	12	18.91787881
1992	9	13	20.10531758
1992	9	14	20.51894425
1992	9	15	18.66472519
1992	9	16	17.57271805
1992	9	17	16.34027814
1992	9	18	15.21620583
1992	9	19	14.83346184
1992	9	20	14.37403974
1992	9	21	14.02144702
1992	9	22	14.02144702
1992	9	23	16.55616953
1992	9	24	51.61451027
1992	9	25	125.2342523
1992	9	26	91.83156524
1992	9	27	53.51055302
1992	9	28	38.49580638
1992	9	29	33.79816053
1992	9	30	34.02111707
1992	10	1	30.19429553
1992	10	2	26.03574124
1992	10	3	24.16096156
1992	10	4	23.35228825
1992	10	5	21.96354672
1992	10	6	21.22847675
1992	10	7	20.10531758
1992	10	8	19.17490124
1992	10	9	18.29219235
1992	10	10	17.57271805
1992	10	11	16.88678134
1992	10	12	16.44777438
1992	10	13	16.12796929
1992	10	14	15.81616562
1992	10	15	15.51227426
1992	10	16	15.11923928
1992	10	17	15.11923928
1992	10	18	15.31403162
1992	10	19	15.91921662
1992	10	20	15.91921662
1992	10	21	15.61269775
1992	10	22	14.73989898
1992	10	23	14.83346184
1992	10	24	14.55529762
1992	10	25	14.28465623
1992	10	26	14.64717869
1992	10	27	13.93534649
1992	10	28	13.76557899
1992	10	29	13.59903368
1992	10	30	13.76557899
1992	10	31	14.10836323
1992	11	1	14.02144702
1992	11	2	14.28465623
1992	11	3	15.02312866
1992	11	4	15.11923928
1992	11	5	15.02312866
1992	11	6	14.92787062
1992	11	7	14.83346184
1992	11	8	15.21620583
1992	11	9	15.91921662
1992	11	10	15.21620583
1992	11	11	15.02312866
1992	11	12	15.02312866
1992	11	13	14.92787062
1992	11	14	14.83346184
1992	11	15	14.64717869
1992	11	16	14.37403974
1992	11	17	14.28465623
1992	11	18	14.73989898
1992	11	19	14.46425242
1992	11	20	13.76557899
1992	11	21	13.68190526
1992	11	22	14.02144702
1992	11	23	14.10836323
1992	11	24	14.28465623
1992	11	25	14.10836323
1992	11	26	13.85005827
1992	11	27	13.76557899
1992	11	28	13.76557899
1992	11	29	13.93534649
1992	11	30	14.19609851
1992	12	1	14.73989898
1992	12	2	15.31403162
1992	12	3	15.81616562
1992	12	4	16.12796929
1992	12	5	16.66546689
1992	12	6	16.88678134
1992	12	7	16.23367754
1992	12	8	16.02315008
1992	12	9	16.23367754
1992	12	10	16.44777438
1992	12	11	16.55616953
1992	12	12	16.77566974
1992	12	13	16.88678134
1992	12	14	17.11174392
1992	12	15	16.55616953
1992	12	16	16.44777438
1992	12	17	16.55616953
1992	12	18	16.44777438
1992	12	19	16.34027814
1992	12	20	16.23367754
1992	12	21	15.81616562
1992	12	22	15.91921662
1992	12	23	16.44777438
1992	12	24	16.55616953
1992	12	25	16.77566974
1992	12	26	16.88678134
1992	12	27	16.55616953
1992	12	28	16.12796929
1992	12	29	15.91921662
1992	12	30	15.71399376
1992	12	31	-9999
1993	1	1	16.02315008
1993	1	2	15.91921662
1993	1	3	16.12796929
1993	1	4	15.91921662
1993	1	5	15.61269775
1993	1	6	15.71399376
1993	1	7	15.91921662
1993	1	8	16.02315008
1993	1	9	16.02315008
1993	1	10	16.12796929
1993	1	11	16.23367754
1993	1	12	16.34027814
1993	1	13	16.12796929
1993	1	14	15.61269775
1993	1	15	15.41271999
1993	1	16	15.41271999
1993	1	17	15.31403162
1993	1	18	14.83346184
1993	1	19	14.73989898
1993	1	20	14.55529762
1993	1	21	15.02312866
1993	1	22	15.21620583
1993	1	23	15.31403162
1993	1	24	15.51227426
1993	1	25	15.61269775
1993	1	26	15.41271999
1993	1	27	15.21620583
1993	1	28	15.21620583
1993	1	29	14.73989898
1993	1	30	14.46425242
1993	1	31	14.37403974
1993	2	1	14.37403974
1993	2	2	14.55529762
1993	2	3	14.64717869
1993	2	4	14.92787062
1993	2	5	15.11923928
1993	2	6	15.41271999
1993	2	7	15.41271999
1993	2	8	15.61269775
1993	2	9	15.71399376
1993	2	10	15.81616562
1993	2	11	15.51227426
1993	2	12	15.51227426
1993	2	13	16.02315008
1993	2	14	16.34027814
1993	2	15	16.12796929
1993	2	16	15.81616562
1993	2	17	15.51227426
1993	2	18	16.44777438
1993	2	19	23.83427033
1993	2	20	25.85979155
1993	2	21	25.16708521
1993	2	22	23.35228825
1993	2	23	21.37343507
1993	2	24	20.79971813
1993	2	25	20.10531758
1993	2	26	20.24219283
1993	2	27	19.96943839
1993	2	28	19.56774516
1993	3	1	19.3048713
1993	3	2	19.04590482
1993	3	3	18.91787881
1993	3	4	18.79082001
1993	3	5	18.79082001
1993	3	6	18.79082001
1993	3	7	18.91787881
1993	3	8	19.04590482
1993	3	9	19.04590482
1993	3	10	18.91787881
1993	3	11	18.66472519
1993	3	12	18.53959112
1993	3	13	18.41541459
1993	3	14	17.92821912
1993	3	15	17.69028247
1993	3	16	17.57271805
1993	3	17	17.3403808
1993	3	18	16.99880498
1993	3	19	16.66546689
1993	3	20	16.77566974
1993	3	21	17.80878174
1993	3	22	19.70065537
1993	3	23	20.94162146
1993	3	24	20.38006732
1993	3	25	20.10531758
1993	3	26	19.70065537
1993	3	27	19.4358182
1993	3	28	19.4358182
1993	3	29	19.3048713
1993	3	30	19.17490124
1993	3	31	18.91787881
1993	4	1	18.29219235
1993	4	2	17.3403808
1993	4	3	17.45608525
1993	4	4	17.92821912
1993	4	5	18.29219235
1993	4	6	17.57271805
1993	4	7	17.45608525
1993	4	8	16.88678134
1993	4	9	16.12796929
1993	4	10	16.12796929
1993	4	11	16.88678134
1993	4	12	15.91921662
1993	4	13	15.71399376
1993	4	14	15.21620583
1993	4	15	15.02312866
1993	4	16	15.11923928
1993	4	17	15.61269775
1993	4	18	15.21620583
1993	4	19	14.73989898
1993	4	20	14.55529762
1993	4	21	14.19609851
1993	4	22	14.02144702
1993	4	23	14.28465623
1993	4	24	14.83346184
1993	4	25	15.41271999
1993	4	26	15.81616562
1993	4	27	15.91921662
1993	4	28	15.71399376
1993	4	29	16.77566974
1993	4	30	17.11174392
1993	5	1	18.04859786
1993	5	2	24.3259275
1993	5	3	31.01095536
1993	5	4	34.24531097
1993	5	5	33.79816053
1993	5	6	31.63598801
1993	5	7	26.93228305
1993	5	8	23.19376299
1993	5	9	20.94162146
1993	5	10	23.51187914
1993	5	11	28.04548576
1993	5	12	29.59423209
1993	5	13	28.81056634
1993	5	14	81.81108801
1993	5	15	270.1375274
1993	5	16	141.808589
1993	5	17	73.39971289
1993	5	18	55.45875648
1993	5	19	52.87277383
1993	5	20	44.81832113
1993	5	21	36.79396796
1993	5	22	32.48623756
1993	5	23	66.7556271
1993	5	24	69.82535645
1993	5	25	44.81832113
1993	5	26	33.13668507
1993	5	27	27.11497169
1993	5	28	23.51187914
1993	5	29	21.08453994
1993	5	30	19.96943839
1993	5	31	19.04590482
1993	6	1	18.29219235
1993	6	2	20.24219283
1993	6	3	21.81447072
1993	6	4	26.21280637
1993	6	5	34.69742288
1993	6	6	27.48375392
1993	6	7	22.57025546
1993	6	8	19.96943839
1993	6	9	18.66472519
1993	6	10	18.29219235
1993	6	11	18.04859786
1993	6	12	17.92821912
1993	6	13	18.04859786
1993	6	14	20.38006732
1993	6	15	21.81447072
1993	6	16	21.81447072
1993	6	17	20.10531758
1993	6	18	18.29219235
1993	6	19	17.3403808
1993	6	20	16.55616953
1993	6	21	15.81616562
1993	6	22	14.92787062
1993	6	23	15.91921662
1993	6	24	16.55616953
1993	6	25	17.3403808
1993	6	26	17.57271805
1993	6	27	18.29219235
1993	6	28	19.4358182
1993	6	29	74.21159552
1993	6	30	166.1428784
1993	7	1	98.14242118
1993	7	2	114.4005007
1993	7	3	378.4475606
1993	7	4	402.2804548
1993	7	5	207.6821904
1993	7	6	104.2311798
1993	7	7	69.43614117
1993	7	8	87.17529788
1993	7	9	508.8727927
1993	7	10	754.333277
1993	7	11	817.6002509
1993	7	12	564.4299745
1993	7	13	281.1164536
1993	7	14	261.3684074
1993	7	15	190.0082784
1993	7	16	161.9052659
1993	7	17	150.9628313
1993	7	18	121.1644016
1993	7	19	90.41673864
1993	7	20	73.39971289
1993	7	21	145.033413
1993	7	22	171.1804256
1993	7	23	157.7411672
1993	7	24	106.8439358
1993	7	25	80.94042854
1993	7	26	103.7140071
1993	7	27	205.2100985
1993	7	28	218.623992
1993	7	29	133.6529167
1993	7	30	85.81156798
1993	7	31	66.00382208
1993	8	1	56.11985616
1993	8	2	52.55605041
1993	8	3	49.77000595
1993	8	4	47.38975824
1993	8	5	41.82536718
1993	8	6	36.08376751
1993	8	7	31.42644365
1993	8	8	29.59423209
1993	8	9	28.42571514
1993	8	10	27.85709658
1993	8	11	25.16708521
1993	8	12	23.83427033
1993	8	13	23.51187914
1993	8	14	23.03630022
1993	8	15	22.8798968
1993	8	16	22.41701126
1993	8	17	30.39667848
1993	8	18	79.21894648
1993	8	19	125.2342523
1993	8	20	68.66243819
1993	8	21	50.68585478
1993	8	22	34.02111707
1993	8	23	29.00473277
1993	8	24	25.16708521
1993	8	25	23.51187914
1993	8	26	22.7245496
1993	8	27	21.66642889
1993	8	28	21.22847675
1993	8	29	20.94162146
1993	8	30	20.94162146
1993	8	31	20.38006732
1993	9	1	18.79082001
1993	9	2	18.04859786
1993	9	3	17.45608525
1993	9	4	17.57271805
1993	9	5	17.57271805
1993	9	6	18.66472519
1993	9	7	18.66472519
1993	9	8	18.66472519
1993	9	9	18.79082001
1993	9	10	18.53959112
1993	9	11	18.16992119
1993	9	12	17.92821912
1993	9	13	17.69028247
1993	9	14	17.22560144
1993	9	15	16.88678134
1993	9	16	16.55616953
1993	9	17	16.55616953
1993	9	18	16.44777438
1993	9	19	16.12796929
1993	9	20	16.12796929
1993	9	21	16.12796929
1993	9	22	16.12796929
1993	9	23	15.91921662
1993	9	24	15.91921662
1993	9	25	15.81616562
1993	9	26	15.61269775
1993	9	27	15.61269775
1993	9	28	16.44777438
1993	9	29	19.04590482
1993	9	30	19.17490124
1993	10	1	19.3048713
1993	10	2	18.41541459
1993	10	3	17.22560144
1993	10	4	16.88678134
1993	10	5	16.44777438
1993	10	6	16.34027814
1993	10	7	16.88678134
1993	10	8	17.22560144
1993	10	9	17.69028247
1993	10	10	17.11174392
1993	10	11	16.77566974
1993	10	12	16.77566974
1993	10	13	16.88678134
1993	10	14	18.29219235
1993	10	15	20.94162146
1993	10	16	21.22847675
1993	10	17	20.10531758
1993	10	18	18.91787881
1993	10	19	18.91787881
1993	10	20	17.80878174
1993	10	21	17.22560144
1993	10	22	16.77566974
1993	10	23	16.23367754
1993	10	24	15.91921662
1993	10	25	15.71399376
1993	10	26	15.91921662
1993	10	27	15.81616562
1993	10	28	15.61269775
1993	10	29	15.31403162
1993	10	30	15.21620583
1993	10	31	15.81616562
1993	11	1	16.12796929
1993	11	2	16.12796929
1993	11	3	16.44777438
1993	11	4	16.88678134
1993	11	5	16.77566974
1993	11	6	16.55616953
1993	11	7	16.55616953
1993	11	8	17.11174392
1993	11	9	17.69028247
1993	11	10	17.92821912
1993	11	11	16.34027814
1993	11	12	15.81616562
1993	11	13	15.71399376
1993	11	14	15.61269775
1993	11	15	15.31403162
1993	11	16	15.51227426
1993	11	17	15.81616562
1993	11	18	15.91921662
1993	11	19	16.12796929
1993	11	20	16.23367754
1993	11	21	15.81616562
1993	11	22	16.12796929
1993	11	23	16.12796929
1993	11	24	15.31403162
1993	11	25	15.51227426
1993	11	26	15.71399376
1993	11	27	15.21620583
1993	11	28	15.41271999
1993	11	29	15.21620583
1993	11	30	15.61269775
1993	12	1	18.41541459
1993	12	2	18.41541459
1993	12	3	18.41541459
1993	12	4	18.41541459
1993	12	5	18.41541459
1993	12	6	18.41541459
1993	12	7	18.41541459
1993	12	8	18.41541459
1993	12	9	18.41541459
1993	12	10	18.41541459
1993	12	11	18.41541459
1993	12	12	18.41541459
1993	12	13	18.41541459
1993	12	14	18.41541459
1993	12	15	18.41541459
1993	12	16	18.41541459
1993	12	17	18.41541459
1993	12	18	18.41541459
1993	12	19	18.41541459
1993	12	20	18.41541459
1993	12	21	18.41541459
1993	12	22	18.41541459
1993	12	23	18.41541459
1993	12	24	18.41541459
1993	12	25	18.41541459
1993	12	26	18.41541459
1993	12	27	18.41541459
1993	12	28	18.41541459
1993	12	29	18.41541459
1993	12	30	18.41541459
1993	12	31	18.41541459
1994	1	1	15.71399376
1994	1	2	15.61269775
1994	1	3	15.21620583
1994	1	4	15.11923928
1994	1	5	15.02312866
1994	1	6	14.92787062
1994	1	7	14.83346184
1994	1	8	14.92787062
1994	1	9	15.41271999
1994	1	10	16.02315008
1994	1	11	16.88678134
1994	1	12	19.17490124
1994	1	13	19.4358182
1994	1	14	19.4358182
1994	1	15	19.4358182
1994	1	16	19.70065537
1994	1	17	19.96943839
1994	1	18	20.51894425
1994	1	19	20.24219283
1994	1	20	19.4358182
1994	1	21	19.4358182
1994	1	22	19.56774516
1994	1	23	20.38006732
1994	1	24	20.65882679
1994	1	25	20.79971813
1994	1	26	20.79971813
1994	1	27	20.65882679
1994	1	28	20.38006732
1994	1	29	20.38006732
1994	1	30	20.10531758
1994	1	31	20.38006732
1994	2	1	20.51894425
1994	2	2	20.38006732
1994	2	3	19.96943839
1994	2	4	19.70065537
1994	2	5	19.70065537
1994	2	6	19.70065537
1994	2	7	19.4358182
1994	2	8	19.4358182
1994	2	9	19.4358182
1994	2	10	19.70065537
1994	2	11	19.70065537
1994	2	12	19.70065537
1994	2	13	20.38006732
1994	2	14	20.51894425
1994	2	15	20.38006732
1994	2	16	19.83455205
1994	2	17	19.70065537
1994	2	18	19.70065537
1994	2	19	19.70065537
1994	2	20	19.3048713
1994	2	21	19.04590482
1994	2	22	18.91787881
1994	2	23	18.66472519
1994	2	24	18.66472519
1994	2	25	18.66472519
1994	2	26	18.66472519
1994	2	27	18.53959112
1994	2	28	18.53959112
1994	3	1	18.16992119
1994	3	2	17.92821912
1994	3	3	17.69028247
1994	3	4	17.3403808
1994	3	5	17.45608525
1994	3	6	17.69028247
1994	3	7	17.69028247
1994	3	8	21.81447072
1994	3	9	23.35228825
1994	3	10	24.99666623
1994	3	11	25.85979155
1994	3	12	26.75072528
1994	3	13	26.75072528
1994	3	14	24.99666623
1994	3	15	24.16096156
1994	3	16	23.35228825
1994	3	17	21.66642889
1994	3	18	21.08453994
1994	3	19	21.08453994
1994	3	20	21.08453994
1994	3	21	21.08453994
1994	3	22	20.79971813
1994	3	23	20.51894425
1994	3	24	20.24219283
1994	3	25	19.83455205
1994	3	26	19.70065537
1994	3	27	19.70065537
1994	3	28	19.70065537
1994	3	29	19.70065537
1994	3	30	19.4358182
1994	3	31	19.4358182
1994	4	1	20.10531758
1994	4	2	20.24219283
1994	4	3	20.24219283
1994	4	4	20.51894425
1994	4	5	20.94162146
1994	4	6	21.08453994
1994	4	7	21.22847675
1994	4	8	21.22847675
1994	4	9	21.08453994
1994	4	10	20.79971813
1994	4	11	21.08453994
1994	4	12	22.11366004
1994	4	13	23.99707687
1994	4	14	24.65911565
1994	4	15	26.03574124
1994	4	16	27.29879429
1994	4	17	26.03574124
1994	4	18	24.49197783
1994	4	19	22.7245496
1994	4	20	20.79971813
1994	4	21	20.94162146
1994	4	22	21.22847675
1994	4	23	21.51941806
1994	4	24	20.24219283
1994	4	25	20.24219283
1994	4	26	20.24219283
1994	4	27	19.3048713
1994	4	28	18.66472519
1994	4	29	17.92821912
1994	4	30	16.66546689
1994	5	1	16.99880498
1994	5	2	16.77566974
1994	5	3	17.22560144
1994	5	4	19.96943839
1994	5	5	20.51894425
1994	5	6	21.22847675
1994	5	7	21.37343507
1994	5	8	21.22847675
1994	5	9	20.51894425
1994	5	10	20.79971813
1994	5	11	22.11366004
1994	5	12	24.99666623
1994	5	13	25.6849542
1994	5	14	25.85979155
1994	5	15	41.03725491
1994	5	16	58.82335856
1994	5	17	66.00382208
1994	5	18	48.27183824
1994	5	19	34.24531097
1994	5	20	26.5702953
1994	5	21	22.41701126
1994	5	22	20.24219283
1994	5	23	19.3048713
1994	5	24	18.41541459
1994	5	25	18.16992119
1994	5	26	20.79971813
1994	5	27	23.03630022
1994	5	28	24.3259275
1994	5	29	21.66642889
1994	5	30	19.3048713
1994	5	31	17.80878174
1994	6	1	16.88678134
1994	6	2	16.12796929
1994	6	3	15.71399376
1994	6	4	15.91921662
1994	6	5	16.02315008
1994	6	6	16.12796929
1994	6	7	16.34027814
1994	6	8	16.23367754
1994	6	9	16.66546689
1994	6	10	16.12796929
1994	6	11	15.71399376
1994	6	12	15.61269775
1994	6	13	15.41271999
1994	6	14	15.31403162
1994	6	15	15.11923928
1994	6	16	14.92787062
1994	6	17	14.73989898
1994	6	18	14.92787062
1994	6	19	17.92821912
1994	6	20	18.53959112
1994	6	21	19.17490124
1994	6	22	17.69028247
1994	6	23	17.22560144
1994	6	24	16.02315008
1994	6	25	15.51227426
1994	6	26	15.41271999
1994	6	27	15.61269775
1994	6	28	18.79082001
1994	6	29	19.04590482
1994	6	30	20.24219283
1994	7	1	22.57025546
1994	7	2	201.1337029
1994	7	3	145.6842964
1994	7	4	81.37492943
1994	7	5	47.68238996
1994	7	6	33.35594755
1994	7	7	26.93228305
1994	7	8	22.8798968
1994	7	9	20.51894425
1994	7	10	19.17490124
1994	7	11	17.3403808
1994	7	12	17.22560144
1994	7	13	15.02312866
1994	7	14	14.37403974
1994	7	15	13.93534649
1994	7	16	14.10836323
1994	7	17	13.85005827
1994	7	18	16.55616953
1994	7	19	17.3403808
1994	7	20	16.55616953
1994	7	21	15.81616562
1994	7	22	15.21620583
1994	7	23	14.64717869
1994	7	24	14.46425242
1994	7	25	14.28465623
1994	7	26	14.73989898
1994	7	27	16.34027814
1994	7	28	15.61269775
1994	7	29	15.11923928
1994	7	30	15.41271999
1994	7	31	15.21620583
1994	8	1	16.23367754
1994	8	2	20.38006732
1994	8	3	29.00473277
1994	8	4	27.11497169
1994	8	5	20.65882679
1994	8	6	18.29219235
1994	8	7	16.44777438
1994	8	8	15.02312866
1994	8	9	14.10836323
1994	8	10	13.85005827
1994	8	11	14.19609851
1994	8	12	14.73989898
1994	8	13	15.11923928
1994	8	14	14.92787062
1994	8	15	13.76557899
1994	8	16	13.19658925
1994	8	17	12.59315003
1994	8	18	12.30964305
1994	8	19	12.4499018
1994	8	20	12.24062607
1994	8	21	12.24062607
1994	8	22	12.17234606
1994	8	23	12.10479955
1994	8	24	12.10479955
1994	8	25	12.10479955
1994	8	26	12.10479955
1994	8	27	12.17234606
1994	8	28	12.24062607
1994	8	29	12.17234606
1994	8	30	20.10531758
1994	8	31	32.27185831
1994	9	1	21.96354672
1994	9	2	17.22560144
1994	9	3	14.10836323
1994	9	4	12.96453069
1994	9	5	12.73941535
1994	9	6	13.11845922
1994	9	7	12.73941535
1994	9	8	12.5211505
1994	9	9	11.9718931
1994	9	10	11.9718931
1994	9	11	11.9718931
1994	9	12	11.9718931
1994	9	13	11.9718931
1994	9	14	11.9718931
1994	9	15	11.9718931
1994	9	16	11.9718931
1994	9	17	11.9718931
1994	9	18	11.9718931
1994	9	19	11.9718931
1994	9	20	12.5211505
1994	9	21	12.4499018
1994	9	22	12.17234606
1994	9	23	12.10479955
1994	9	24	12.03798305
1994	9	25	11.9718931
1994	9	26	11.9718931
1994	9	27	11.9718931
1994	9	28	11.9718931
1994	9	29	11.9718931
1994	9	30	11.9718931
1994	10	1	11.9718931
1994	10	2	11.9718931
1994	10	3	11.9718931
1994	10	4	11.9718931
1994	10	5	11.9718931
1994	10	6	11.9718931
1994	10	7	11.9718931
1994	10	8	11.9718931
1994	10	9	11.9718931
1994	10	10	11.9718931
1994	10	11	11.9718931
1994	10	12	14.64717869
1994	10	13	16.77566974
1994	10	14	19.3048713
1994	10	15	17.57271805
1994	10	16	15.41271999
1994	10	17	14.73989898
1994	10	18	15.02312866
1994	10	19	16.77566974
1994	10	20	15.31403162
1994	10	21	15.11923928
1994	10	22	15.41271999
1994	10	23	16.77566974
1994	10	24	19.17490124
1994	10	25	17.3403808
1994	10	26	15.41271999
1994	10	27	14.37403974
1994	10	28	13.76557899
1994	10	29	13.35519794
1994	10	30	12.96453069
1994	10	31	12.73941535
1994	11	1	12.4499018
1994	11	2	12.24062607
1994	11	3	12.03798305
1994	11	4	11.9718931
1994	11	5	11.9718931
1994	11	6	11.9718931
1994	11	7	12.24062607
1994	11	8	12.24062607
1994	11	9	12.30964305
1994	11	10	12.30964305
1994	11	11	12.4499018
1994	11	12	12.37940047
1994	11	13	12.24062607
1994	11	14	12.17234606
1994	11	15	12.10479955
1994	11	16	12.17234606
1994	11	17	12.24062607
1994	11	18	12.96453069
1994	11	19	13.76557899
1994	11	20	13.35519794
1994	11	21	13.27550102
1994	11	22	12.96453069
1994	11	23	12.88872535
1994	11	24	12.88872535
1994	11	25	12.73941535
1994	11	26	12.5211505
1994	11	27	12.30964305
1994	11	28	12.24062607
1994	11	29	12.17234606
1994	11	30	12.03798305
1994	12	1	11.9718931
1994	12	2	11.9718931
1994	12	3	11.9718931
1994	12	4	11.9718931
1994	12	5	11.9718931
1994	12	6	11.9718931
1994	12	7	11.9718931
1994	12	8	11.9718931
1994	12	9	11.9718931
1994	12	10	11.9718931
1994	12	11	12.03798305
1994	12	12	12.24062607
1994	12	13	12.5211505
1994	12	14	12.59315003
1994	12	15	12.59315003
1994	12	16	12.59315003
1994	12	17	12.59315003
1994	12	18	12.59315003
1994	12	19	12.30964305
1994	12	20	12.10479955
1994	12	21	12.17234606
1994	12	22	12.30964305
1994	12	23	12.30964305
1994	12	24	12.30964305
1994	12	25	12.30964305
1994	12	26	12.30964305
1994	12	27	12.37940047
1994	12	28	12.37940047
1994	12	29	12.37940047
1994	12	30	12.30964305
1994	12	31	12.24062607
1995	1	1	42.853068
1995	1	2	41.49733016
1995	1	3	42.853068
1995	1	4	48.4302535
1995	1	5	47.01309023
1995	1	6	45.61108405
1995	1	7	42.853068
1995	1	8	42.853068
1995	1	9	42.853068
1995	1	10	42.853068
1995	1	11	42.853068
1995	1	12	41.49733016
1995	1	13	40.15729389
1995	1	14	40.15729389
1995	1	15	40.15729389
1995	1	16	40.15729389
1995	1	17	38.83310561
1995	1	18	41.49733016
1995	1	19	42.853068
1995	1	20	48.4302535
1995	1	21	48.4302535
1995	1	22	51.30954764
1995	1	23	48.4302535
1995	1	24	47.01309023
1995	1	25	45.61108405
1995	1	26	42.853068
1995	1	27	42.853068
1995	1	28	47.01309023
1995	1	29	47.01309023
1995	1	30	42.853068
1995	1	31	40.15729389
1995	2	1	40.15729389
1995	2	2	40.15729389
1995	2	3	40.15729389
1995	2	4	40.15729389
1995	2	5	41.49733016
1995	2	6	40.15729389
1995	2	7	40.15729389
1995	2	8	40.15729389
1995	2	9	40.15729389
1995	2	10	40.15729389
1995	2	11	40.15729389
1995	2	12	40.15729389
1995	2	13	40.15729389
1995	2	14	40.15729389
1995	2	15	40.15729389
1995	2	16	40.15729389
1995	2	17	40.15729389
1995	2	18	40.15729389
1995	2	19	40.15729389
1995	2	20	40.15729389
1995	2	21	40.15729389
1995	2	22	40.15729389
1995	2	23	40.15729389
1995	2	24	40.15729389
1995	2	25	40.15729389
1995	2	26	40.15729389
1995	2	27	40.15729389
1995	2	28	40.15729389
1995	3	1	40.15729389
1995	3	2	40.15729389
1995	3	3	40.15729389
1995	3	4	40.15729389
1995	3	5	38.83310561
1995	3	6	40.15729389
1995	3	7	40.15729389
1995	3	8	38.83310561
1995	3	9	38.83310561
1995	3	10	40.15729389
1995	3	11	40.15729389
1995	3	12	55.7391053
1995	3	13	78.08530678
1995	3	14	71.42761133
1995	3	15	73.07204952
1995	3	16	76.40098099
1995	3	17	78.08530678
1995	3	18	81.4932723
1995	3	19	83.21675436
1995	3	20	95.63813475
1995	3	21	104.8839798
1995	3	22	110.5769558
1995	3	23	90.23890829
1995	3	24	78.08530678
1995	3	25	73.07204952
1995	3	26	64.98541378
1995	3	27	51.30954764
1995	3	28	48.4302535
1995	3	29	47.01309023
1995	3	30	41.49733016
1995	3	31	40.15729389
1995	4	1	34.95716294
1995	4	2	31.22959125
1995	4	3	31.22959125
1995	4	4	28.82932703
1995	4	5	25.36000388
1995	4	6	24.23936451
1995	4	7	24.23936451
1995	4	8	24.23936451
1995	4	9	24.23936451
1995	4	10	24.23936451
1995	4	11	24.23936451
1995	4	12	24.23936451
1995	4	13	24.23936451
1995	4	14	24.23936451
1995	4	15	24.23936451
1995	4	16	24.23936451
1995	4	17	24.23936451
1995	4	18	24.23936451
1995	4	19	24.23936451
1995	4	20	24.23936451
1995	4	21	24.23936451
1995	4	22	24.23936451
1995	4	23	88.46428334
1995	4	24	162.0474979
1995	4	25	196.1819308
1995	4	26	235.1007279
1995	4	27	182.2481203
1995	4	28	124.27447
1995	4	29	86.70233427
1995	4	30	63.40920914
1995	5	1	48.4302535
1995	5	2	48.4302535
1995	5	3	48.4302535
1995	5	4	33.69792597
1995	5	5	25.36000388
1995	5	6	24.23936451
1995	5	7	24.23936451
1995	5	8	24.23936451
1995	5	9	24.23936451
1995	5	10	24.23936451
1995	5	11	24.23936451
1995	5	12	24.23936451
1995	5	13	24.23936451
1995	5	14	24.23936451
1995	5	15	24.23936451
1995	5	16	24.23936451
1995	5	17	24.23936451
1995	5	18	24.23936451
1995	5	19	24.23936451
1995	5	20	24.23936451
1995	5	21	25.36000388
1995	5	22	58.76455675
1995	5	23	162.0474979
1995	5	24	157.674949
1995	5	25	99.29973031
1995	5	26	64.98541378
1995	5	27	40.15729389
1995	5	28	28.82932703
1995	5	29	24.23936451
1995	5	30	24.23936451
1995	5	31	24.23936451
1995	6	1	24.23936451
1995	6	2	24.23936451
1995	6	3	24.23936451
1995	6	4	24.23936451
1995	6	5	101.1489632
1995	6	6	220.2110512
1995	6	7	164.2498155
1995	6	8	101.1489632
1995	6	9	68.17922213
1995	6	10	33.69792597
1995	6	11	31.22959125
1995	6	12	24.23936451
1995	6	13	24.23936451
1995	6	14	24.23936451
1995	6	15	24.23936451
1995	6	16	24.23936451
1995	6	17	24.23936451
1995	6	18	24.23936451
1995	6	19	24.23936451
1995	6	20	24.23936451
1995	6	21	24.23936451
1995	6	22	40.15729389
1995	6	23	38.83310561
1995	6	24	38.83310561
1995	6	25	38.83310561
1995	6	26	38.83310561
1995	6	27	38.83310561
1995	6	28	49.86244709
1995	6	29	60.29868087
1995	6	30	58.76455675
1995	7	1	57.24466295
1995	7	2	54.24799226
1995	7	3	57.24466295
1995	7	4	63.40920914
1995	7	5	64.98541378
1995	7	6	60.29868087
1995	7	7	58.76455675
1995	7	8	81.4932723
1995	7	9	106.769639
1995	7	10	130.31863
1995	7	11	151.1969683
1995	7	12	203.2859271
1995	7	13	323.0258306
1995	7	14	276.4825016
1995	7	15	184.5448008
1995	7	16	132.3561388
1995	7	17	104.8839798
1995	7	18	88.46428334
1995	7	19	78.08530678
1995	7	20	73.07204952
1995	7	21	73.07204952
1995	7	22	81.4932723
1995	7	23	106.769639
1995	7	24	284.5065358
1995	7	25	497.0782914
1995	7	26	537.0416331
1995	7	27	581.5716396
1995	7	28	439.2423219
1995	7	29	303.5470196
1995	7	30	200.9078653
1995	7	31	140.6187968
1995	8	1	95.63813475
1995	8	2	83.21675436
1995	8	3	66.57544952
1995	8	4	49.86244709
1995	8	5	45.61108405
1995	8	6	42.853068
1995	8	7	42.853068
1995	8	8	42.853068
1995	8	9	42.853068
1995	8	10	42.853068
1995	8	11	42.853068
1995	8	12	42.853068
1995	8	13	42.853068
1995	8	14	47.01309023
1995	8	15	57.24466295
1995	8	16	88.46428334
1995	8	17	78.08530678
1995	8	18	106.769639
1995	8	19	110.5769558
1995	8	20	99.29973031
1995	8	21	110.5769558
1995	8	22	306.3030537
1995	8	23	436.1049042
1995	8	24	354.5027492
1995	8	25	947.7375795
1995	8	26	2157.072604
1995	8	27	2218.530897
1995	8	28	1537.990083
1995	8	29	1057.521511
1995	8	30	802.9965824
1995	8	31	2383.501028
1995	9	1	3766.486623
1995	9	2	2263.615479
1995	9	3	1118.404095
1995	9	4	692.7856301
1995	9	5	500.3661185
1995	9	6	366.2071479
1995	9	7	287.1994666
1995	9	8	265.9124857
1995	9	9	273.8261585
1995	9	10	265.9124857
1995	9	11	242.6757678
1995	9	12	215.3258576
1995	9	13	184.5448008
1995	9	14	162.0474979
1995	9	15	142.7123769
1995	9	16	120.3025161
1995	9	17	104.8839798
1995	9	18	93.82590308
1995	9	19	78.08530678
1995	9	20	71.42761133
1995	9	21	76.40098099
1995	9	22	78.08530678
1995	9	23	83.21675436
1995	9	24	93.82590308
1995	9	25	110.5769558
1995	9	26	132.3561388
1995	9	27	173.1650975
1995	9	28	173.1650975
1995	9	29	151.1969683
1995	9	30	132.3561388
1995	10	1	120.3025161
1995	10	2	106.769639
1995	10	3	101.1489632
1995	10	4	104.8839798
1995	10	5	114.4318768
1995	10	6	118.3339431
1995	10	7	106.769639
1995	10	8	99.29973031
1995	10	9	93.82590308
1995	10	10	90.23890829
1995	10	11	88.46428334
1995	10	12	86.70233427
1995	10	13	83.21675436
1995	10	14	83.21675436
1995	10	15	120.3025161
1995	10	16	124.27447
1995	10	17	110.5769558
1995	10	18	106.769639
1995	10	19	45.61108405
1995	10	20	120.3025161
1995	10	21	104.8839798
1995	10	22	93.82590308
1995	10	23	86.70233427
1995	10	24	81.4932723
1995	10	25	76.40098099
1995	10	26	71.42761133
1995	10	27	68.17922213
1995	10	28	66.57544952
1995	10	29	66.57544952
1995	10	30	64.98541378
1995	10	31	64.98541378
1995	11	1	63.40920914
1995	11	2	57.24466295
1995	11	3	57.24466295
1995	11	4	55.7391053
1995	11	5	51.30954764
1995	11	6	54.24799226
1995	11	7	57.24466295
1995	11	8	57.24466295
1995	11	9	57.24466295
1995	11	10	49.86244709
1995	11	11	317.4161827
1995	11	12	306.3030537
1995	11	13	55.7391053
1995	11	14	49.86244709
1995	11	15	48.4302535
1995	11	16	48.4302535
1995	11	17	48.4302535
1995	11	18	48.4302535
1995	11	19	41.49733016
1995	11	20	42.853068
1995	11	21	48.4302535
1995	11	22	51.30954764
1995	11	23	55.7391053
1995	11	24	55.7391053
1995	11	25	51.30954764
1995	11	26	51.30954764
1995	11	27	51.30954764
1995	11	28	49.86244709
1995	11	29	48.4302535
1995	11	30	48.4302535
1995	12	1	40.15729389
1995	12	2	40.15729389
1995	12	3	40.15729389
1995	12	4	41.49733016
1995	12	5	42.853068
1995	12	6	57.24466295
1995	12	7	48.4302535
1995	12	8	47.01309023
1995	12	9	48.4302535
1995	12	10	47.01309023
1995	12	11	45.61108405
1995	12	12	42.853068
1995	12	13	41.49733016
1995	12	14	40.15729389
1995	12	15	40.15729389
1995	12	16	40.15729389
1995	12	17	42.853068
1995	12	18	42.853068
1995	12	19	41.49733016
1995	12	20	40.15729389
1995	12	21	38.83310561
1995	12	22	38.83310561
1995	12	23	40.15729389
1995	12	24	42.853068
1995	12	25	41.49733016
1995	12	26	40.15729389
1995	12	27	41.49733016
1995	12	28	42.853068
1995	12	29	42.853068
1995	12	30	42.853068
1995	12	31	41.49733016
